Time,Price,Delay
1672008600000,1218.03000000,0.0
1672008660000,1218.03000000,0.0
1672008720000,1218.03000000,0.0
1672008780000,1218.03000000,0.0
1672008840000,1218.00000000,0.0
1672008900000,1216.63000000,0.16999999999984539
1672008960000,1217.53000000,0.12999999999988177
1672009020000,1217.53000000,0.0
1672009080000,1217.53000000,0.0
1672009140000,1217.53000000,0.0
1672009200000,1217.44000000,0.0
1672009260000,1216.30000000,0.0
1672009320000,1216.30000000,0.0
1672009380000,1217.44000000,0.05999999999994543
1672009440000,1218.27000000,0.38999999999987267
1672009500000,1218.96000000,0.2599999999999909
1672009560000,1218.85000000,0.25
1672009620000,1218.88000000,0.6200000000001182
1672009680000,1217.78000000,1.3500000000001364
1672009740000,1217.32000000,0.39000000000010004
1672009800000,1218.21000000,0.01999999999998181
1672009860000,1218.21000000,0.0
1672009920000,1217.01000000,0.12000000000011823
1672009980000,1217.01000000,0.0
1672010040000,1217.01000000,0.0
1672010100000,1217.01000000,0.0
1672010160000,1217.61000000,0.34999999999990905
1672010220000,1217.61000000,0.0
1672010280000,1217.60000000,0.0
1672010340000,1217.16000000,0.01999999999998181
1672010400000,1217.42000000,0.0
1672010460000,1217.68000000,0.009999999999990905
1672010520000,1217.68000000,0.0
1672010580000,1217.59000000,0.040000000000190994
1672010640000,1217.16000000,0.4099999999998545
1672010700000,1218.39000000,0.9300000000000637
1672010760000,1217.91000000,0.1999999999998181
1672010820000,1217.71000000,0.009999999999990905
1672010880000,1216.86000000,0.4600000000000364
1672010940000,1216.40000000,0.06999999999993634
1672011000000,1216.80000000,0.06999999999993634
1672011060000,1216.80000000,0.0
1672011120000,1216.80000000,0.0
1672011180000,1216.59000000,0.3400000000001455
1672011240000,1216.29000000,0.38000000000010914
1672011300000,1216.85000000,0.2300000000000182
1672011360000,1217.35000000,0.0
1672011420000,1217.35000000,0.0
1672011480000,1217.59000000,0.11000000000012733
1672011540000,1217.59000000,0.0
1672011600000,1217.83000000,0.0
1672011660000,1218.03000000,0.009999999999990905
1672011720000,1218.03000000,0.0
1672011780000,1217.62000000,0.0
1672011840000,1217.71000000,0.0
1672011900000,1218.36000000,0.14999999999986358
1672011960000,1218.81000000,0.049999999999954525
1672012020000,1218.62000000,0.0
1672012080000,1218.65000000,0.0
1672012140000,1218.65000000,0.0
1672012200000,1218.82000000,0.15999999999985448
1672012260000,1218.82000000,0.0
1672012320000,1218.82000000,0.0
1672012380000,1218.75000000,0.17000000000007276
1672012440000,1218.75000000,0.0
1672012500000,1219.36000000,0.4399999999998272
1672012560000,1219.31000000,0.009999999999990905
1672012620000,1219.31000000,0.0
1672012680000,1218.79000000,0.0
1672012740000,1218.80000000,0.33999999999991815
1672012800000,1219.32000000,0.0
1672012860000,1219.09000000,0.0
1672012920000,1218.75000000,0.0
1672012980000,1218.43000000,0.0
1672013040000,1218.15000000,0.41000000000008185
1672013100000,1218.41000000,0.01999999999998181
1672013160000,1218.77000000,0.2300000000000182
1672013220000,1219.29000000,0.7400000000000091
1672013280000,1219.54000000,0.21000000000003638
1672013340000,1219.54000000,0.0
1672013400000,1219.25000000,0.12999999999988177
1672013460000,1219.25000000,0.0
1672013520000,1218.89000000,0.10999999999989996
1672013580000,1217.95000000,0.25
1672013640000,1217.95000000,0.0
1672013700000,1217.95000000,0.0
1672013760000,1217.95000000,0.0
1672013820000,1217.14000000,0.009999999999990905
1672013880000,1217.14000000,0.0
1672013940000,1217.38000000,0.0
1672014000000,1216.76000000,0.08999999999991815
1672014060000,1218.43000000,1.1299999999998818
1672014120000,1218.43000000,0.0
1672014180000,1217.35000000,0.07000000000016371
1672014240000,1217.52000000,0.0
1672014300000,1217.52000000,0.0
1672014360000,1217.71000000,0.4700000000000273
1672014420000,1217.35000000,0.21000000000003638
1672014480000,1217.28000000,0.2300000000000182
1672014540000,1217.30000000,0.0
1672014600000,1217.84000000,0.209999999999809
1672014660000,1217.58000000,0.0
1672014720000,1217.58000000,0.0
1672014780000,1217.95000000,0.0
1672014840000,1217.86000000,0.0
1672014900000,1218.48000000,0.2899999999999636
1672014960000,1218.71000000,0.37000000000011823
1672015020000,1218.28000000,0.13000000000010914
1672015080000,1218.28000000,0.0
1672015140000,1218.28000000,0.0
1672015200000,1218.28000000,0.0
1672015260000,1218.28000000,0.0
1672015320000,1218.85000000,0.0
1672015380000,1219.43000000,0.42000000000007276
1672015440000,1219.43000000,0.0
1672015500000,1219.66000000,0.0
1672015560000,1219.66000000,0.0
1672015620000,1219.66000000,0.0
1672015680000,1219.14000000,0.14999999999986358
1672015740000,1218.52000000,0.0
1672015800000,1218.52000000,0.0
1672015860000,1218.52000000,0.0
1672015920000,1218.00000000,0.029999999999972715
1672015980000,1217.79000000,0.0
1672016040000,1218.29000000,0.4900000000000091
1672016100000,1217.94000000,0.0
1672016160000,1218.47000000,0.3300000000001546
1672016220000,1218.47000000,0.0
1672016280000,1218.47000000,0.0
1672016340000,1218.47000000,0.0
1672016400000,1218.33000000,0.0
1672016460000,1218.33000000,0.0
1672016520000,1218.33000000,0.0
1672016580000,1218.43000000,0.2899999999999636
1672016640000,1219.27000000,0.9500000000000455
1672016700000,1219.02000000,0.4600000000000364
1672016760000,1219.44000000,0.009999999999990905
1672016820000,1219.20000000,0.0
1672016880000,1219.20000000,0.0
1672016940000,1219.20000000,0.0
1672017000000,1219.20000000,0.0
1672017060000,1219.20000000,0.0
1672017120000,1219.03000000,0.05999999999994543
1672017180000,1218.89000000,0.4499999999998181
1672017240000,1218.89000000,0.0
1672017300000,1219.30000000,0.0
1672017360000,1219.30000000,0.0
1672017420000,1219.30000000,0.0
1672017480000,1217.79000000,0.42000000000007276
1672017540000,1217.70000000,0.17000000000007276
1672017600000,1217.70000000,0.0
1672017660000,1217.70000000,0.0
1672017720000,1217.54000000,0.05999999999994543
1672017780000,1217.66000000,0.0
1672017840000,1217.66000000,0.0
1672017900000,1217.66000000,0.0
1672017960000,1217.66000000,0.0
1672018020000,1218.05000000,0.0
1672018080000,1218.05000000,0.0
1672018140000,1218.86000000,0.38999999999987267
1672018200000,1218.96000000,0.35999999999989996
1672018260000,1218.95000000,0.0
1672018320000,1218.95000000,0.0
1672018380000,1218.87000000,0.0
1672018440000,1218.77000000,0.0
1672018500000,1218.77000000,0.0
1672018560000,1218.90000000,0.4399999999998272
1672018620000,1218.90000000,0.0
1672018680000,1218.90000000,0.0
1672018740000,1218.90000000,0.0
1672018800000,1218.90000000,0.0
1672018860000,1219.52000000,0.5299999999999727
1672018920000,1219.56000000,0.0
1672018980000,1219.62000000,0.0
1672019040000,1220.12000000,0.3400000000001455
1672019100000,1220.56000000,0.22000000000002728
1672019160000,1221.24000000,0.9300000000000637
1672019220000,1220.51000000,1.7799999999999727
1672019280000,1221.03000000,0.75
1672019340000,1221.73000000,0.0
1672019400000,1220.72000000,0.01999999999998181
1672019460000,1220.51000000,0.06999999999993634
1672019520000,1220.74000000,0.0
1672019580000,1220.37000000,0.010000000000218279
1672019640000,1220.77000000,0.009999999999990905
1672019700000,1220.77000000,0.0
1672019760000,1221.02000000,0.11000000000012733
1672019820000,1221.04000000,0.0
1672019880000,1221.04000000,0.0
1672019940000,1221.04000000,0.0
1672020000000,1221.58000000,0.17000000000007276
1672020060000,1221.58000000,0.0
1672020120000,1222.80000000,0.2999999999999545
1672020180000,1222.55000000,0.0
1672020240000,1222.55000000,0.0
1672020300000,1222.53000000,0.41000000000008185
1672020360000,1222.63000000,0.08999999999991815
1672020420000,1222.87000000,0.8500000000001364
1672020480000,1222.08000000,0.3400000000001455
1672020540000,1222.15000000,0.0
1672020600000,1221.77000000,0.14000000000010004
1672020660000,1221.75000000,0.17000000000007276
1672020720000,1221.33000000,0.15999999999985448
1672020780000,1220.08000000,0.7599999999999909
1672020840000,1220.44000000,0.0
1672020900000,1220.30000000,0.21000000000003638
1672020960000,1220.60000000,0.5099999999999909
1672021020000,1220.14000000,0.8099999999999454
1672021080000,1220.07000000,0.0
1672021140000,1220.41000000,0.0
1672021200000,1220.41000000,0.0
1672021260000,1220.41000000,0.0
1672021320000,1220.41000000,0.0
1672021380000,1220.19000000,0.01999999999998181
1672021440000,1220.19000000,0.0
1672021500000,1220.67000000,0.03999999999996362
1672021560000,1220.88000000,0.0
1672021620000,1220.50000000,0.6800000000000637
1672021680000,1220.50000000,0.0
1672021740000,1221.02000000,0.41000000000008185
1672021800000,1220.63000000,0.33999999999991815
1672021860000,1220.78000000,0.22000000000002728
1672021920000,1221.09000000,0.0
1672021980000,1220.99000000,0.0
1672022040000,1221.49000000,0.009999999999990905
1672022100000,1221.49000000,0.0
1672022160000,1220.93000000,0.599999999999909
1672022220000,1220.35000000,0.08000000000015461
1672022280000,1219.81000000,0.0
1672022340000,1220.79000000,0.6399999999998727
1672022400000,1220.49000000,0.01999999999998181
1672022460000,1220.49000000,0.0
1672022520000,1219.99000000,0.34999999999990905
1672022580000,1219.99000000,0.0
1672022640000,1219.99000000,0.0
1672022700000,1220.80000000,0.43000000000006366
1672022760000,1220.80000000,0.0
1672022820000,1220.58000000,0.0
1672022880000,1220.94000000,0.009999999999990905
1672022940000,1221.16000000,0.0
1672023000000,1221.16000000,0.0
1672023060000,1221.32000000,0.15999999999985448
1672023120000,1221.32000000,0.0
1672023180000,1221.68000000,0.06999999999993634
1672023240000,1221.68000000,0.0
1672023300000,1221.68000000,0.0
1672023360000,1222.14000000,0.09000000000014552
1672023420000,1222.14000000,0.0
1672023480000,1222.14000000,0.0
1672023540000,1221.91000000,0.01999999999998181
1672023600000,1222.49000000,0.35999999999989996
1672023660000,1222.55000000,0.05999999999994543
1672023720000,1222.30000000,0.19000000000005457
1672023780000,1222.62000000,0.0
1672023840000,1222.28000000,0.0
1672023900000,1222.28000000,0.0
1672023960000,1221.43000000,0.21000000000003638
1672024020000,1221.43000000,0.0
1672024080000,1221.43000000,0.0
1672024140000,1221.43000000,0.0
1672024200000,1221.43000000,0.0
1672024260000,1221.43000000,0.0
1672024320000,1221.46000000,0.13000000000010914
1672024380000,1221.46000000,0.0
1672024440000,1221.14000000,0.22000000000002728
1672024500000,1221.35000000,0.16000000000008185
1672024560000,1221.35000000,0.0
1672024620000,1221.37000000,0.0
1672024680000,1220.83000000,0.12000000000011823
1672024740000,1220.54000000,0.009999999999990905
1672024800000,1220.65000000,0.09999999999990905
1672024860000,1220.42000000,0.08999999999991815
1672024920000,1220.22000000,0.0
1672024980000,1220.20000000,0.029999999999972715
1672025040000,1220.20000000,0.0
1672025100000,1220.27000000,0.009999999999990905
1672025160000,1220.27000000,0.0
1672025220000,1220.27000000,0.01999999999998181
1672025280000,1220.27000000,0.0
1672025340000,1220.27000000,0.0
1672025400000,1220.51000000,0.01999999999998181
1672025460000,1220.51000000,0.0
1672025520000,1220.86000000,0.1799999999998363
1672025580000,1220.51000000,0.01999999999998181
1672025640000,1220.51000000,0.0
1672025700000,1220.51000000,0.0
1672025760000,1220.51000000,0.0
1672025820000,1220.51000000,0.0
1672025880000,1220.64000000,0.07000000000016371
1672025940000,1220.64000000,0.0
1672026000000,1220.75000000,0.0
1672026060000,1220.36000000,0.15000000000009095
1672026120000,1219.55000000,0.6600000000000819
1672026180000,1219.79000000,0.049999999999954525
1672026240000,1219.79000000,0.0
1672026300000,1219.80000000,0.01999999999998181
1672026360000,1219.80000000,0.0
1672026420000,1219.80000000,0.0
1672026480000,1220.04000000,0.14999999999986358
1672026540000,1219.89000000,0.03999999999996362
1672026600000,1219.89000000,0.0
1672026660000,1219.89000000,0.0
1672026720000,1219.89000000,0.0
1672026780000,1219.89000000,0.0
1672026840000,1219.89000000,0.0
1672026900000,1219.89000000,0.0
1672026960000,1220.99000000,0.03999999999996362
1672027020000,1221.11000000,0.11000000000012733
1672027080000,1220.87000000,0.0
1672027140000,1221.00000000,0.03999999999996362
1672027200000,1221.75000000,0.6400000000001
1672027260000,1222.46000000,0.2699999999999818
1672027320000,1222.44000000,0.6599999999998545
1672027380000,1222.44000000,0.0
1672027440000,1222.44000000,0.0
1672027500000,1221.75000000,0.5299999999999727
1672027560000,1222.53000000,0.6700000000000728
1672027620000,1222.99000000,0.2999999999999545
1672027680000,1222.41000000,0.0
1672027740000,1222.08000000,0.25
1672027800000,1222.17000000,0.060000000000172804
1672027860000,1222.08000000,0.0
1672027920000,1221.91000000,0.2999999999999545
1672027980000,1221.33000000,0.01999999999998181
1672028040000,1221.91000000,0.12000000000011823
1672028100000,1221.91000000,0.0
1672028160000,1222.00000000,0.0
1672028220000,1221.55000000,0.14000000000010004
1672028280000,1221.55000000,0.0
1672028340000,1221.55000000,0.0
1672028400000,1221.19000000,0.2599999999999909
1672028460000,1221.19000000,0.0
1672028520000,1221.19000000,0.0
1672028580000,1221.19000000,0.0
1672028640000,1220.01000000,0.5
1672028700000,1220.16000000,0.25
1672028760000,1220.16000000,0.0
1672028820000,1219.90000000,0.009999999999990905
1672028880000,1219.89000000,0.18000000000006366
1672028940000,1219.89000000,0.0
1672029000000,1219.54000000,0.25
1672029060000,1219.93000000,0.08000000000015461
1672029120000,1220.04000000,0.0
1672029180000,1220.20000000,0.36000000000012733
1672029240000,1220.20000000,0.0
1672029300000,1220.20000000,0.0
1672029360000,1219.85000000,0.0
1672029420000,1219.85000000,0.0
1672029480000,1219.88000000,0.010000000000218279
1672029540000,1220.00000000,0.0
1672029600000,1220.00000000,0.0
1672029660000,1219.49000000,0.40000000000009095
1672029720000,1220.12000000,0.009999999999990905
1672029780000,1219.91000000,0.0
1672029840000,1220.11000000,0.20000000000004547
1672029900000,1220.11000000,0.0
1672029960000,1220.11000000,0.0
1672030020000,1220.11000000,0.0
1672030080000,1220.52000000,0.10999999999989996
1672030140000,1220.52000000,0.0
1672030200000,1220.52000000,0.0
1672030260000,1220.52000000,0.0
1672030320000,1220.28000000,0.06999999999993634
1672030380000,1220.28000000,0.0
1672030440000,1220.28000000,0.0
1672030500000,1220.40000000,0.0
1672030560000,1220.40000000,0.0
1672030620000,1220.75000000,0.4600000000000364
1672030680000,1220.75000000,0.0
1672030740000,1220.75000000,0.0
1672030800000,1221.75000000,0.9200000000000728
1672030860000,1221.75000000,0.0
1672030920000,1221.75000000,0.0
1672030980000,1221.94000000,0.13000000000010914
1672031040000,1221.94000000,0.0
1672031100000,1221.94000000,0.0
1672031160000,1221.94000000,0.0
1672031220000,1221.94000000,0.0
1672031280000,1221.94000000,0.0
1672031340000,1221.94000000,0.0
1672031400000,1221.94000000,0.05999999999994543
1672031460000,1221.94000000,0.0
1672031520000,1221.94000000,0.0
1672031580000,1221.94000000,0.0
1672031640000,1222.17000000,0.01999999999998181
1672031700000,1222.44000000,0.05999999999994543
1672031760000,1222.12000000,0.0
1672031820000,1222.12000000,0.0
1672031880000,1222.12000000,0.0
1672031940000,1222.44000000,0.0
1672032000000,1222.44000000,0.0
1672032060000,1222.13000000,0.0
1672032120000,1222.13000000,0.0
1672032180000,1221.93000000,0.05999999999994543
1672032240000,1221.93000000,0.0
1672032300000,1221.93000000,0.0
1672032360000,1221.93000000,0.0
1672032420000,1221.48000000,0.5199999999999818
1672032480000,1220.77000000,0.21000000000003638
1672032540000,1220.77000000,0.32999999999992724
1672032600000,1221.03000000,0.06999999999993634
1672032660000,1221.03000000,0.0
1672032720000,1221.03000000,0.0
1672032780000,1221.03000000,0.0
1672032840000,1221.30000000,0.3300000000001546
1672032900000,1221.30000000,0.0
1672032960000,1221.09000000,0.11999999999989086
1672033020000,1221.09000000,0.0
1672033080000,1221.09000000,0.0
1672033140000,1221.09000000,0.0
1672033200000,1221.09000000,0.0
1672033260000,1221.09000000,0.0
1672033320000,1221.09000000,0.0
1672033380000,1221.09000000,0.0
1672033440000,1220.80000000,0.12999999999988177
1672033500000,1220.80000000,0.0
1672033560000,1220.80000000,0.0
1672033620000,1220.80000000,0.0
1672033680000,1220.80000000,0.0
1672033740000,1220.80000000,0.0
1672033800000,1220.80000000,0.0
1672033860000,1219.97000000,0.0
1672033920000,1219.90000000,0.029999999999972715
1672033980000,1219.90000000,0.0
1672034040000,1219.90000000,0.0
1672034100000,1220.51000000,0.0
1672034160000,1220.19000000,0.0
1672034220000,1220.36000000,0.009999999999990905
1672034280000,1220.36000000,0.0
1672034340000,1220.36000000,0.0
1672034400000,1220.67000000,0.650000000000091
1672034460000,1220.67000000,0.0
1672034520000,1220.67000000,0.0
1672034580000,1220.46000000,0.0
1672034640000,1220.46000000,0.0
1672034700000,1219.87000000,0.4600000000000364
1672034760000,1220.22000000,0.009999999999990905
1672034820000,1220.22000000,0.0
1672034880000,1220.22000000,0.0
1672034940000,1220.22000000,0.0
1672035000000,1220.65000000,0.43000000000006366
1672035060000,1220.65000000,0.0
1672035120000,1220.17000000,0.35999999999989996
1672035180000,1220.17000000,0.0
1672035240000,1220.17000000,0.0
1672035300000,1220.17000000,0.0
1672035360000,1220.17000000,0.0
1672035420000,1220.17000000,0.0
1672035480000,1219.93000000,0.0
1672035540000,1219.93000000,0.0
1672035600000,1219.93000000,0.0
1672035660000,1219.93000000,0.0
1672035720000,1219.93000000,0.0
1672035780000,1220.30000000,0.07999999999992724
1672035840000,1220.30000000,0.0
1672035900000,1220.30000000,0.0
1672035960000,1220.30000000,0.0
1672036020000,1220.30000000,0.0
1672036080000,1220.30000000,0.0
1672036140000,1220.13000000,0.07000000000016371
1672036200000,1220.13000000,0.0
1672036260000,1220.13000000,0.0
1672036320000,1220.13000000,0.0
1672036380000,1220.13000000,0.0
1672036440000,1220.13000000,0.0
1672036500000,1219.86000000,0.0
1672036560000,1219.86000000,0.0
1672036620000,1219.86000000,0.0
1672036680000,1220.17000000,0.03999999999996362
1672036740000,1220.17000000,0.0
1672036800000,1220.17000000,0.0
1672036860000,1220.06000000,0.009999999999990905
1672036920000,1220.06000000,0.0
1672036980000,1220.06000000,0.0
1672037040000,1220.06000000,0.0
1672037100000,1220.06000000,0.0
1672037160000,1220.06000000,0.0
1672037220000,1220.06000000,0.0
1672037280000,1220.06000000,0.0
1672037340000,1220.06000000,0.0
1672037400000,1220.06000000,0.0
1672037460000,1220.06000000,0.0
1672037520000,1220.06000000,0.0
1672037580000,1220.06000000,0.0
1672037640000,1219.00000000,1.2699999999999818
1672037700000,1218.92000000,0.3500000000001364
1672037760000,1218.68000000,0.029999999999972715
1672037820000,1218.76000000,0.10999999999989996
1672037880000,1219.02000000,0.16000000000008185
1672037940000,1219.38000000,0.3200000000001637
1672038000000,1219.12000000,0.16000000000008185
1672038060000,1219.12000000,0.0
1672038120000,1219.12000000,0.0
1672038180000,1219.12000000,0.0
1672038240000,1219.12000000,0.0
1672038300000,1219.12000000,0.0
1672038360000,1219.12000000,0.0
1672038420000,1219.12000000,0.0
1672038480000,1219.36000000,0.5399999999999636
1672038540000,1219.55000000,0.0
1672038600000,1219.55000000,0.0
1672038660000,1219.55000000,0.0
1672038720000,1219.47000000,0.0
1672038780000,1219.78000000,0.2699999999999818
1672038840000,1219.92000000,0.009999999999990905
1672038900000,1220.24000000,0.21000000000003638
1672038960000,1219.95000000,0.029999999999972715
1672039020000,1219.98000000,0.0
1672039080000,1219.98000000,0.0
1672039140000,1220.33000000,0.0
1672039200000,1220.51000000,0.0
1672039260000,1220.14000000,0.0
1672039320000,1220.62000000,0.0
1672039380000,1220.62000000,0.0
1672039440000,1220.62000000,0.0
1672039500000,1220.30000000,0.0
1672039560000,1220.30000000,0.0
1672039620000,1220.30000000,0.0
1672039680000,1220.30000000,0.0
1672039740000,1220.30000000,0.0
1672039800000,1220.51000000,0.25
1672039860000,1220.50000000,0.17000000000007276
1672039920000,1220.50000000,0.0
1672039980000,1220.50000000,0.0
1672040040000,1220.50000000,0.0
1672040100000,1220.72000000,0.009999999999990905
1672040160000,1220.67000000,0.22000000000002728
1672040220000,1220.67000000,0.0
1672040280000,1220.38000000,0.13999999999987267
1672040340000,1220.23000000,0.0
1672040400000,1220.17000000,0.21000000000003638
1672040460000,1220.02000000,0.049999999999954525
1672040520000,1220.11000000,0.0
1672040580000,1220.82000000,0.7999999999999545
1672040640000,1220.82000000,0.0
1672040700000,1220.63000000,0.2699999999999818
1672040760000,1220.63000000,0.0
1672040820000,1220.63000000,0.0
1672040880000,1220.63000000,0.0
1672040940000,1220.94000000,0.2899999999999636
1672041000000,1220.83000000,0.029999999999972715
1672041060000,1220.64000000,0.13999999999987267
1672041120000,1220.64000000,0.0
1672041180000,1220.64000000,0.0
1672041240000,1220.76000000,0.0
1672041300000,1220.76000000,0.0
1672041360000,1221.01000000,0.0
1672041420000,1220.76000000,0.0
1672041480000,1220.76000000,0.0
1672041540000,1220.76000000,0.0
1672041600000,1220.76000000,0.0
1672041660000,1220.89000000,0.0
1672041720000,1220.77000000,0.03999999999996362
1672041780000,1220.53000000,0.009999999999990905
1672041840000,1220.53000000,0.0
1672041900000,1220.61000000,0.009999999999990905
1672041960000,1220.61000000,0.0
1672042020000,1220.61000000,0.0
1672042080000,1220.61000000,0.0
1672042140000,1220.61000000,0.0
1672042200000,1220.61000000,0.0
1672042260000,1220.61000000,0.0
1672042320000,1219.90000000,0.06999999999993634
1672042380000,1219.05000000,0.34999999999990905
1672042440000,1219.01000000,0.19000000000005457
1672042500000,1219.01000000,0.0
1672042560000,1219.01000000,0.0
1672042620000,1219.05000000,0.43000000000006366
1672042680000,1219.02000000,0.21000000000003638
1672042740000,1218.63000000,0.10000000000013642
1672042800000,1218.73000000,0.20000000000004547
1672042860000,1218.45000000,0.029999999999972715
1672042920000,1218.58000000,0.009999999999990905
1672042980000,1219.29000000,0.2599999999999909
1672043040000,1219.29000000,0.0
1672043100000,1219.29000000,0.0
1672043160000,1219.29000000,0.0
1672043220000,1218.88000000,0.12999999999988177
1672043280000,1218.88000000,0.0
1672043340000,1218.88000000,0.0
1672043400000,1218.90000000,0.1799999999998363
1672043460000,1219.13000000,0.650000000000091
1672043520000,1219.28000000,0.16000000000008185
1672043580000,1219.54000000,0.0
1672043640000,1219.55000000,0.30999999999994543
1672043700000,1219.55000000,0.0
1672043760000,1219.55000000,0.0
1672043820000,1219.74000000,0.0
1672043880000,1219.74000000,0.0
1672043940000,1219.74000000,0.0
1672044000000,1219.76000000,0.0
1672044060000,1219.76000000,0.0
1672044120000,1219.71000000,0.0
1672044180000,1219.71000000,0.0
1672044240000,1219.71000000,0.0
1672044300000,1219.89000000,0.3500000000001364
1672044360000,1219.99000000,0.11999999999989086
1672044420000,1219.95000000,0.049999999999954525
1672044480000,1220.02000000,0.03999999999996362
1672044540000,1220.01000000,0.009999999999990905
1672044600000,1219.96000000,0.049999999999954525
1672044660000,1219.76000000,0.0
1672044720000,1219.76000000,0.0
1672044780000,1219.76000000,0.0
1672044840000,1219.78000000,0.0
1672044900000,1219.78000000,0.0
1672044960000,1219.78000000,0.0
1672045020000,1219.51000000,0.049999999999954525
1672045080000,1219.51000000,0.0
1672045140000,1219.51000000,0.0
1672045200000,1219.51000000,0.0
1672045260000,1219.51000000,0.0
1672045320000,1219.51000000,0.0
1672045380000,1219.51000000,0.0
1672045440000,1219.51000000,0.0
1672045500000,1219.51000000,0.0
1672045560000,1219.51000000,0.0
1672045620000,1219.04000000,0.11999999999989086
1672045680000,1219.04000000,0.0
1672045740000,1219.04000000,0.0
1672045800000,1219.04000000,0.0
1672045860000,1219.04000000,0.0
1672045920000,1219.23000000,0.18000000000006366
1672045980000,1219.23000000,0.0
1672046040000,1219.23000000,0.0
1672046100000,1219.23000000,0.0
1672046160000,1219.23000000,0.0
1672046220000,1219.23000000,0.0
1672046280000,1219.23000000,0.0
1672046340000,1219.23000000,0.0
1672046400000,1219.23000000,0.0
1672046460000,1219.23000000,0.0
1672046520000,1219.23000000,0.0
1672046580000,1219.54000000,0.049999999999954525
1672046640000,1219.54000000,0.0
1672046700000,1219.54000000,0.0
1672046760000,1219.54000000,0.0
1672046820000,1219.54000000,0.0
1672046880000,1219.54000000,0.0
1672046940000,1219.54000000,0.0
1672047000000,1219.54000000,0.0
1672047060000,1220.05000000,0.029999999999972715
1672047120000,1220.89000000,0.4700000000000273
1672047180000,1220.89000000,0.0
1672047240000,1220.67000000,0.0
1672047300000,1220.67000000,0.0
1672047360000,1220.67000000,0.0
1672047420000,1220.46000000,0.18000000000006366
1672047480000,1220.46000000,0.0
1672047540000,1220.46000000,0.0
1672047600000,1220.46000000,0.0
1672047660000,1220.46000000,0.0
1672047720000,1220.46000000,0.0
1672047780000,1220.46000000,0.0
1672047840000,1220.46000000,0.0
1672047900000,1220.46000000,0.0
1672047960000,1220.99000000,0.0
1672048020000,1220.99000000,0.0
1672048080000,1220.99000000,0.0
1672048140000,1220.99000000,0.0
1672048200000,1220.99000000,0.0
1672048260000,1220.99000000,0.0
1672048320000,1220.99000000,0.0
1672048380000,1220.47000000,0.0
1672048440000,1220.26000000,0.0
1672048500000,1220.26000000,0.0
1672048560000,1220.26000000,0.0
1672048620000,1220.26000000,0.0
1672048680000,1220.26000000,0.0
1672048740000,1220.26000000,0.0
1672048800000,1220.26000000,0.0
1672048860000,1219.38000000,0.31999999999993634
1672048920000,1219.38000000,0.0
1672048980000,1219.68000000,0.0
1672049040000,1219.68000000,0.0
1672049100000,1219.57000000,0.2400000000000091
1672049160000,1219.79000000,0.029999999999972715
1672049220000,1219.79000000,0.0
1672049280000,1219.79000000,0.0
1672049340000,1219.97000000,0.01999999999998181
1672049400000,1219.85000000,0.0
1672049460000,1219.85000000,0.0
1672049520000,1219.85000000,0.0
1672049580000,1220.15000000,0.009999999999990905
1672049640000,1220.15000000,0.0
1672049700000,1220.15000000,0.0
1672049760000,1219.97000000,0.0
1672049820000,1219.97000000,0.0
1672049880000,1219.97000000,0.0
1672049940000,1219.97000000,0.0
1672050000000,1219.97000000,0.0
1672050060000,1219.97000000,0.0
1672050120000,1219.97000000,0.0
1672050180000,1220.15000000,0.14000000000010004
1672050240000,1220.23000000,0.01999999999998181
1672050300000,1220.23000000,0.0
1672050360000,1220.23000000,0.0
1672050420000,1220.23000000,0.0
1672050480000,1220.23000000,0.0
1672050540000,1220.23000000,0.0
1672050600000,1220.23000000,0.0
1672050660000,1222.00000000,1.490000000000009
1672050720000,1222.00000000,0.41000000000008185
1672050780000,1221.14000000,0.8599999999999
1672050840000,1221.43000000,0.5
1672050900000,1221.46000000,0.5
1672050960000,1222.00000000,0.32999999999992724
1672051020000,1222.12000000,0.13999999999987267
1672051080000,1221.81000000,0.25
1672051140000,1221.71000000,0.029999999999972715
1672051200000,1221.36000000,0.15000000000009095
1672051260000,1220.80000000,0.4600000000000364
1672051320000,1221.32000000,0.1899999999998272
1672051380000,1221.11000000,0.03000000000020009
1672051440000,1221.17000000,0.01999999999998181
1672051500000,1221.44000000,0.12000000000011823
1672051560000,1221.27000000,0.01999999999998181
1672051620000,1221.41000000,0.12999999999988177
1672051680000,1221.41000000,0.0
1672051740000,1221.34000000,0.17000000000007276
1672051800000,1221.34000000,0.0
1672051860000,1221.35000000,0.0500000000001819
1672051920000,1221.35000000,0.0
1672051980000,1221.74000000,0.25
1672052040000,1221.21000000,0.31999999999993634
1672052100000,1221.30000000,0.43000000000006366
1672052160000,1219.49000000,1.5799999999999272
1672052220000,1219.19000000,0.7699999999999818
1672052280000,1219.19000000,0.0
1672052340000,1218.84000000,0.4600000000000364
1672052400000,1219.18000000,0.5199999999999818
1672052460000,1218.58000000,0.41000000000008185
1672052520000,1218.60000000,0.0
1672052580000,1218.60000000,0.0
1672052640000,1218.60000000,0.0
1672052700000,1219.17000000,0.3000000000001819
1672052760000,1219.17000000,0.0
1672052820000,1219.40000000,0.25
1672052880000,1219.00000000,0.2599999999999909
1672052940000,1218.59000000,0.2599999999999909
1672053000000,1218.59000000,0.0
1672053060000,1218.59000000,0.0
1672053120000,1218.59000000,0.0
1672053180000,1219.19000000,0.009999999999990905
1672053240000,1219.13000000,0.009999999999990905
1672053300000,1219.13000000,0.0
1672053360000,1219.06000000,0.22000000000002728
1672053420000,1219.36000000,0.0
1672053480000,1219.36000000,0.0
1672053540000,1219.83000000,0.0
1672053600000,1220.11000000,0.12999999999988177
1672053660000,1219.98000000,0.01999999999998181
1672053720000,1219.98000000,0.0
1672053780000,1219.89000000,0.35999999999989996
1672053840000,1220.26000000,0.0
1672053900000,1221.02000000,0.5099999999999909
1672053960000,1221.10000000,0.32999999999992724
1672054020000,1221.04000000,0.08999999999991815
1672054080000,1220.55000000,0.4900000000000091
1672054140000,1220.50000000,0.4600000000000364
1672054200000,1220.36000000,0.12000000000011823
1672054260000,1220.36000000,0.0
1672054320000,1220.36000000,0.13000000000010914
1672054380000,1220.77000000,0.2300000000000182
1672054440000,1220.77000000,0.0
1672054500000,1221.10000000,0.25
1672054560000,1220.56000000,0.6700000000000728
1672054620000,1220.56000000,0.0
1672054680000,1220.56000000,0.0
1672054740000,1220.57000000,0.0
1672054800000,1220.57000000,0.0
1672054860000,1220.45000000,0.0
1672054920000,1220.85000000,0.11999999999989086
1672054980000,1220.85000000,0.0
1672055040000,1220.85000000,0.0
1672055100000,1220.73000000,0.0
1672055160000,1220.73000000,0.0
1672055220000,1220.87000000,0.0
1672055280000,1220.73000000,0.01999999999998181
1672055340000,1220.73000000,0.0
1672055400000,1220.52000000,0.16000000000008185
1672055460000,1220.52000000,0.0
1672055520000,1220.52000000,0.0
1672055580000,1219.80000000,0.2999999999999545
1672055640000,1220.37000000,0.06999999999993634
1672055700000,1220.37000000,0.0
1672055760000,1219.93000000,0.09999999999990905
1672055820000,1219.93000000,0.0
1672055880000,1219.83000000,0.16000000000008185
1672055940000,1220.17000000,0.029999999999972715
1672056000000,1220.34000000,0.01999999999998181
1672056060000,1220.65000000,0.14000000000010004
1672056120000,1220.65000000,0.0
1672056180000,1220.65000000,0.0
1672056240000,1219.76000000,0.0
1672056300000,1219.76000000,0.0
1672056360000,1220.19000000,0.0
1672056420000,1220.19000000,0.0
1672056480000,1220.19000000,0.0
1672056540000,1219.73000000,0.6199999999998909
1672056600000,1219.83000000,0.15999999999985448
1672056660000,1219.83000000,0.0
1672056720000,1219.83000000,0.0
1672056780000,1219.83000000,0.0
1672056840000,1219.64000000,0.0
1672056900000,1219.67000000,0.08999999999991815
1672056960000,1219.67000000,0.0
1672057020000,1219.44000000,0.30999999999994543
1672057080000,1219.27000000,0.0
1672057140000,1219.27000000,0.0
1672057200000,1219.27000000,0.0
1672057260000,1219.27000000,0.0
1672057320000,1218.96000000,0.2300000000000182
1672057380000,1219.87000000,0.6299999999998818
1672057440000,1219.87000000,0.0
1672057500000,1219.87000000,0.0
1672057560000,1219.87000000,0.0
1672057620000,1219.87000000,0.0
1672057680000,1219.87000000,0.0
1672057740000,1219.40000000,0.38999999999987267
1672057800000,1219.40000000,0.0
1672057860000,1219.74000000,0.0
1672057920000,1219.81000000,0.009999999999990905
1672057980000,1219.80000000,0.0
1672058040000,1219.80000000,0.0
1672058100000,1219.80000000,0.0
1672058160000,1220.24000000,0.1999999999998181
1672058220000,1220.24000000,0.0
1672058280000,1219.83000000,0.2799999999999727
1672058340000,1219.73000000,0.029999999999972715
1672058400000,1219.73000000,0.0
1672058460000,1220.13000000,0.13000000000010914
1672058520000,1220.13000000,0.0
1672058580000,1220.13000000,0.0
1672058640000,1219.78000000,0.17000000000007276
1672058700000,1219.78000000,0.0
1672058760000,1219.78000000,0.0
1672058820000,1219.93000000,0.0
1672058880000,1219.93000000,0.0
1672058940000,1219.65000000,0.2699999999999818
1672059000000,1219.65000000,0.0
1672059060000,1219.36000000,0.009999999999990905
1672059120000,1219.20000000,0.2400000000000091
1672059180000,1219.41000000,0.01999999999998181
1672059240000,1219.83000000,0.4199999999998454
1672059300000,1219.83000000,0.0
1672059360000,1219.83000000,0.0
1672059420000,1219.65000000,0.0
1672059480000,1219.31000000,0.20000000000004547
1672059540000,1219.31000000,0.0
1672059600000,1219.31000000,0.0
1672059660000,1219.31000000,0.0
1672059720000,1219.63000000,0.01999999999998181
1672059780000,1219.63000000,0.0
1672059840000,1219.63000000,0.0
1672059900000,1219.63000000,0.0
1672059960000,1219.63000000,0.0
1672060020000,1218.97000000,0.0
1672060080000,1218.45000000,0.44000000000005457
1672060140000,1218.64000000,0.2700000000002092
1672060200000,1218.64000000,0.0
1672060260000,1217.58000000,1.3900000000001
1672060320000,1216.48000000,5.370000000000118
1672060380000,1218.03000000,1.6499999999998636
1672060440000,1217.25000000,0.8099999999999454
1672060500000,1217.32000000,1.2300000000000182
1672060560000,1217.24000000,0.06999999999993634
1672060620000,1216.62000000,0.7700000000002092
1672060680000,1216.58000000,0.6800000000000637
1672060740000,1216.88000000,1.0699999999999363
1672060800000,1217.29000000,0.6999999999998181
1672060860000,1217.58000000,0.34999999999990905
1672060920000,1217.54000000,0.22000000000002728
1672060980000,1217.54000000,0.0
1672061040000,1216.97000000,0.36999999999989086
1672061100000,1217.88000000,0.4700000000000273
1672061160000,1217.80000000,0.4500000000000455
1672061220000,1217.64000000,0.6399999999998727
1672061280000,1217.50000000,0.22000000000002728
1672061340000,1217.74000000,0.31999999999993634
1672061400000,1218.12000000,0.6600000000000819
1672061460000,1217.82000000,0.0
1672061520000,1217.79000000,0.2300000000000182
1672061580000,1217.61000000,0.040000000000190994
1672061640000,1217.59000000,0.0
1672061700000,1217.59000000,0.0
1672061760000,1217.59000000,0.0
1672061820000,1217.76000000,0.03999999999996362
1672061880000,1216.62000000,0.9400000000000546
1672061940000,1216.41000000,0.5199999999999818
1672062000000,1216.44000000,0.13000000000010914
1672062060000,1216.17000000,0.009999999999990905
1672062120000,1215.79000000,0.11000000000012733
1672062180000,1215.79000000,0.0
1672062240000,1215.79000000,0.0
1672062300000,1216.10000000,0.18000000000006366
1672062360000,1216.37000000,0.0
1672062420000,1216.37000000,0.0
1672062480000,1217.07000000,0.3999999999998636
1672062540000,1217.06000000,0.19000000000005457
1672062600000,1216.72000000,0.0
1672062660000,1215.57000000,1.959999999999809
1672062720000,1215.49000000,0.36999999999989086
1672062780000,1215.71000000,0.33999999999991815
1672062840000,1215.71000000,0.0
1672062900000,1215.57000000,0.2599999999999909
1672062960000,1215.57000000,0.0
1672063020000,1215.96000000,0.07999999999992724
1672063080000,1215.80000000,0.0
1672063140000,1215.80000000,0.0
1672063200000,1215.57000000,0.2300000000000182
1672063260000,1215.28000000,0.15000000000009095
1672063320000,1215.28000000,0.0
1672063380000,1214.83000000,0.14000000000010004
1672063440000,1214.90000000,0.5600000000001728
1672063500000,1215.57000000,0.7300000000000182
1672063560000,1215.94000000,0.01999999999998181
1672063620000,1216.25000000,0.31999999999993634
1672063680000,1215.59000000,0.4500000000000455
1672063740000,1215.59000000,0.0
1672063800000,1215.59000000,0.0
1672063860000,1216.00000000,0.2899999999999636
1672063920000,1216.00000000,0.0
1672063980000,1215.97000000,0.0
1672064040000,1216.14000000,0.34999999999990905
1672064100000,1216.20000000,0.2699999999999818
1672064160000,1216.20000000,0.0
1672064220000,1216.21000000,0.16000000000008185
1672064280000,1215.92000000,0.029999999999972715
1672064340000,1215.78000000,0.0
1672064400000,1215.71000000,0.0
1672064460000,1216.42000000,0.7100000000000364
1672064520000,1216.42000000,0.0
1672064580000,1216.09000000,0.009999999999990905
1672064640000,1216.69000000,0.10999999999989996
1672064700000,1216.92000000,0.12000000000011823
1672064760000,1216.92000000,0.0
1672064820000,1216.92000000,0.0
1672064880000,1216.92000000,0.0
1672064940000,1216.92000000,0.0
1672065000000,1216.92000000,0.0
1672065060000,1216.92000000,0.0
1672065120000,1216.65000000,0.1899999999998272
1672065180000,1216.65000000,0.0
1672065240000,1215.53000000,0.8599999999999
1672065300000,1215.99000000,0.4700000000000273
1672065360000,1215.99000000,0.0
1672065420000,1216.02000000,0.5299999999999727
1672065480000,1215.98000000,0.22000000000002728
1672065540000,1216.03000000,0.0
1672065600000,1215.64000000,0.4800000000000182
1672065660000,1215.64000000,0.0
1672065720000,1215.95000000,0.009999999999990905
1672065780000,1215.95000000,0.0
1672065840000,1215.95000000,0.0
1672065900000,1215.65000000,0.0
1672065960000,1215.99000000,0.05999999999994543
1672066020000,1215.99000000,0.0
1672066080000,1215.56000000,0.22000000000002728
1672066140000,1215.16000000,0.35999999999989996
1672066200000,1215.16000000,0.0
1672066260000,1215.50000000,0.16000000000008185
1672066320000,1216.05000000,0.4099999999998545
1672066380000,1216.25000000,0.06999999999993634
1672066440000,1216.25000000,0.0
1672066500000,1216.25000000,0.0
1672066560000,1216.25000000,0.0
1672066620000,1216.25000000,0.0
1672066680000,1216.51000000,0.32999999999992724
1672066740000,1216.51000000,0.0
1672066800000,1216.50000000,0.2799999999999727
1672066860000,1216.79000000,0.0
1672066920000,1216.70000000,0.0
1672066980000,1216.70000000,0.0
1672067040000,1216.28000000,0.19000000000005457
1672067100000,1216.28000000,0.0
1672067160000,1216.28000000,0.0
1672067220000,1216.79000000,0.2599999999999909
1672067280000,1216.75000000,0.009999999999990905
1672067340000,1216.75000000,0.0
1672067400000,1216.25000000,0.029999999999972715
1672067460000,1216.16000000,0.0
1672067520000,1216.08000000,0.0
1672067580000,1215.83000000,0.029999999999972715
1672067640000,1216.04000000,0.0
1672067700000,1216.17000000,0.009999999999990905
1672067760000,1216.14000000,0.2400000000000091
1672067820000,1216.14000000,0.0
1672067880000,1216.14000000,0.0
1672067940000,1215.57000000,0.20000000000004547
1672068000000,1214.44000000,1.0199999999999818
1672068060000,1215.35000000,1.8999999999998636
1672068120000,1215.08000000,0.21000000000003638
1672068180000,1215.07000000,0.0
1672068240000,1215.24000000,0.09999999999990905
1672068300000,1215.24000000,0.0
1672068360000,1214.59000000,0.9300000000000637
1672068420000,1214.67000000,0.0
1672068480000,1214.96000000,0.19000000000005457
1672068540000,1214.96000000,0.0
1672068600000,1215.31000000,0.4600000000000364
1672068660000,1215.31000000,0.0
1672068720000,1215.31000000,0.0
1672068780000,1215.23000000,0.0
1672068840000,1215.74000000,0.08999999999991815
1672068900000,1216.02000000,0.0
1672068960000,1215.09000000,0.8400000000001455
1672069020000,1215.19000000,0.9200000000000728
1672069080000,1214.76000000,0.05999999999994543
1672069140000,1214.93000000,0.03999999999996362
1672069200000,1214.93000000,0.0
1672069260000,1214.21000000,0.30999999999994543
1672069320000,1214.79000000,0.849999999999909
1672069380000,1214.77000000,0.0
1672069440000,1214.77000000,0.0
1672069500000,1214.52000000,0.03999999999996362
1672069560000,1214.55000000,0.06999999999993634
1672069620000,1214.61000000,0.25
1672069680000,1214.68000000,0.0
1672069740000,1214.68000000,0.0
1672069800000,1214.68000000,0.0
1672069860000,1214.20000000,0.18000000000006366
1672069920000,1214.63000000,1.1900000000000546
1672069980000,1215.53000000,0.650000000000091
1672070040000,1215.33000000,0.16000000000008185
1672070100000,1215.33000000,0.0
1672070160000,1215.33000000,0.0
1672070220000,1215.33000000,0.0
1672070280000,1215.33000000,0.0
1672070340000,1215.29000000,0.0
1672070400000,1214.64000000,0.9600000000000364
1672070460000,1214.37000000,0.010000000000218279
1672070520000,1213.75000000,0.8299999999999272
1672070580000,1214.32000000,0.6400000000001
1672070640000,1215.24000000,1.1200000000001182
1672070700000,1214.65000000,0.07999999999992724
1672070760000,1214.65000000,0.0
1672070820000,1214.65000000,0.0
1672070880000,1214.65000000,0.0
1672070940000,1215.26000000,0.4700000000000273
1672071000000,1215.53000000,0.06999999999993634
1672071060000,1215.03000000,0.2799999999999727
1672071120000,1215.58000000,0.11999999999989086
1672071180000,1215.79000000,0.0
1672071240000,1215.96000000,0.0
1672071300000,1215.96000000,0.0
1672071360000,1216.03000000,0.41000000000008185
1672071420000,1216.03000000,0.0
1672071480000,1216.59000000,0.4900000000000091
1672071540000,1216.58000000,0.22000000000002728
1672071600000,1216.31000000,0.38000000000010914
1672071660000,1216.58000000,0.10000000000013642
1672071720000,1216.58000000,0.0
1672071780000,1217.12000000,0.12000000000011823
1672071840000,1216.82000000,0.08000000000015461
1672071900000,1216.82000000,0.0
1672071960000,1216.64000000,0.16999999999984539
1672072020000,1216.64000000,0.0
1672072080000,1216.64000000,0.0
1672072140000,1216.90000000,0.0
1672072200000,1216.91000000,0.009999999999990905
1672072260000,1216.91000000,0.0
1672072320000,1216.91000000,0.0
1672072380000,1216.74000000,0.0
1672072440000,1216.50000000,0.0
1672072500000,1216.50000000,0.0
1672072560000,1216.50000000,0.0
1672072620000,1216.50000000,0.0
1672072680000,1216.50000000,0.0
1672072740000,1216.58000000,0.5199999999999818
1672072800000,1216.58000000,0.0
1672072860000,1216.58000000,0.0
1672072920000,1216.58000000,0.0
1672072980000,1216.54000000,0.049999999999954525
1672073040000,1216.99000000,0.2699999999999818
1672073100000,1217.05000000,0.19000000000005457
1672073160000,1217.05000000,0.0
1672073220000,1216.87000000,0.0
1672073280000,1216.87000000,0.0
1672073340000,1216.60000000,0.009999999999990905
1672073400000,1216.60000000,0.0
1672073460000,1216.27000000,0.2400000000000091
1672073520000,1216.27000000,0.0
1672073580000,1215.92000000,0.05999999999994543
1672073640000,1215.92000000,0.0
1672073700000,1215.92000000,0.0
1672073760000,1216.55000000,0.5799999999999272
1672073820000,1216.71000000,0.13999999999987267
1672073880000,1216.63000000,0.08000000000015461
1672073940000,1216.63000000,0.0
1672074000000,1215.21000000,1.0899999999999181
1672074060000,1214.99000000,0.4900000000000091
1672074120000,1214.69000000,0.2699999999999818
1672074180000,1214.92000000,0.0
1672074240000,1214.72000000,0.17000000000007276
1672074300000,1214.78000000,0.44000000000005457
1672074360000,1215.02000000,0.36999999999989086
1672074420000,1214.95000000,0.03999999999996362
1672074480000,1214.48000000,0.6899999999998272
1672074540000,1214.42000000,0.44000000000005457
1672074600000,1214.43000000,0.21000000000003638
1672074660000,1214.29000000,0.2300000000000182
1672074720000,1214.05000000,0.5199999999999818
1672074780000,1214.19000000,0.16000000000008185
1672074840000,1214.34000000,0.12999999999988177
1672074900000,1214.24000000,0.0
1672074960000,1214.27000000,0.049999999999954525
1672075020000,1214.27000000,0.0
1672075080000,1214.27000000,0.0
1672075140000,1214.11000000,0.0
1672075200000,1214.25000000,0.07999999999992724
1672075260000,1214.25000000,0.0
1672075320000,1214.62000000,0.2999999999999545
1672075380000,1214.59000000,0.0
1672075440000,1214.59000000,0.0
1672075500000,1214.59000000,0.0
1672075560000,1214.36000000,0.17000000000007276
1672075620000,1214.20000000,0.0
1672075680000,1214.61000000,0.5099999999999909
1672075740000,1214.81000000,1.199999999999818
1672075800000,1214.81000000,0.0
1672075860000,1214.34000000,0.0500000000001819
1672075920000,1214.34000000,0.0
1672075980000,1215.19000000,0.5299999999999727
1672076040000,1215.57000000,0.0
1672076100000,1215.20000000,0.4199999999998454
1672076160000,1215.20000000,0.0
1672076220000,1215.21000000,0.009999999999990905
1672076280000,1215.21000000,0.0
1672076340000,1215.21000000,0.0
1672076400000,1215.21000000,0.0
1672076460000,1215.17000000,0.029999999999972715
1672076520000,1215.54000000,0.0
1672076580000,1215.04000000,0.17000000000007276
1672076640000,1214.92000000,0.009999999999990905
1672076700000,1215.05000000,0.22000000000002728
1672076760000,1215.05000000,0.0
1672076820000,1215.05000000,0.0
1672076880000,1215.71000000,0.37000000000011823
1672076940000,1215.71000000,0.0
1672077000000,1215.54000000,0.33999999999991815
1672077060000,1215.22000000,0.30999999999994543
1672077120000,1215.15000000,0.06999999999993634
1672077180000,1215.15000000,0.0
1672077240000,1215.34000000,0.009999999999990905
1672077300000,1215.39000000,0.17000000000007276
1672077360000,1215.08000000,0.009999999999990905
1672077420000,1214.91000000,0.15999999999985448
1672077480000,1214.91000000,0.0
1672077540000,1214.90000000,0.0
1672077600000,1215.18000000,0.42000000000007276
1672077660000,1215.25000000,0.08999999999991815
1672077720000,1215.25000000,0.0
1672077780000,1215.25000000,0.0
1672077840000,1215.29000000,0.049999999999954525
1672077900000,1214.89000000,0.01999999999998181
1672077960000,1214.34000000,0.3400000000001455
1672078020000,1214.34000000,0.0
1672078080000,1214.47000000,0.21000000000003638
1672078140000,1214.12000000,0.009999999999990905
1672078200000,1214.12000000,0.0
1672078260000,1214.06000000,0.22000000000002728
1672078320000,1214.01000000,0.029999999999972715
1672078380000,1212.79000000,0.7100000000000364
1672078440000,1213.45000000,0.22000000000002728
1672078500000,1213.30000000,0.009999999999990905
1672078560000,1214.34000000,1.1599999999998545
1672078620000,1214.30000000,0.12000000000011823
1672078680000,1214.30000000,0.0
1672078740000,1214.30000000,0.0
1672078800000,1214.38000000,0.0
1672078860000,1214.38000000,0.0
1672078920000,1214.38000000,0.0
1672078980000,1214.38000000,0.0
1672079040000,1213.87000000,0.0
1672079100000,1213.87000000,0.0
1672079160000,1213.87000000,0.0
1672079220000,1213.79000000,0.0
1672079280000,1213.74000000,0.30999999999994543
1672079340000,1213.74000000,0.0
1672079400000,1213.44000000,0.19000000000005457
1672079460000,1213.44000000,0.0
1672079520000,1213.20000000,0.0
1672079580000,1213.20000000,0.0
1672079640000,1213.20000000,0.0
1672079700000,1212.89000000,0.4800000000000182
1672079760000,1213.92000000,0.7899999999999636
1672079820000,1213.92000000,0.0
1672079880000,1213.99000000,0.0
1672079940000,1213.93000000,0.0
1672080000000,1214.13000000,0.0
1672080060000,1214.29000000,0.0
1672080120000,1214.29000000,0.0
1672080180000,1214.29000000,0.0
1672080240000,1213.91000000,0.0
1672080300000,1214.33000000,0.08999999999991815
1672080360000,1214.33000000,0.0
1672080420000,1213.65000000,0.2999999999999545
1672080480000,1213.65000000,0.0
1672080540000,1213.65000000,0.0
1672080600000,1213.65000000,0.0
1672080660000,1213.91000000,0.0
1672080720000,1213.76000000,0.08999999999991815
1672080780000,1213.50000000,0.0
1672080840000,1213.50000000,0.0
1672080900000,1213.54000000,0.009999999999990905
1672080960000,1213.54000000,0.0
1672081020000,1213.89000000,0.14000000000010004
1672081080000,1213.60000000,0.03000000000020009
1672081140000,1213.85000000,0.009999999999990905
1672081200000,1213.74000000,0.14000000000010004
1672081260000,1213.79000000,0.0
1672081320000,1213.87000000,0.009999999999990905
1672081380000,1213.87000000,0.0
1672081440000,1213.87000000,0.0
1672081500000,1213.87000000,0.0
1672081560000,1213.56000000,0.20000000000004547
1672081620000,1213.60000000,0.12000000000011823
1672081680000,1213.60000000,0.0
1672081740000,1213.77000000,0.009999999999990905
1672081800000,1213.75000000,0.009999999999990905
1672081860000,1213.75000000,0.0
1672081920000,1215.09000000,1.0499999999999545
1672081980000,1215.09000000,0.0
1672082040000,1215.57000000,0.0
1672082100000,1215.57000000,0.0
1672082160000,1215.57000000,0.0
1672082220000,1218.03000000,1.3299999999999272
1672082280000,1218.25000000,1.6600000000000819
1672082340000,1219.58000000,2.1400000000001
1672082400000,1219.03000000,0.009999999999990905
1672082460000,1218.47000000,0.6399999999998727
1672082520000,1218.90000000,0.0
1672082580000,1218.90000000,0.0
1672082640000,1218.90000000,0.0
1672082700000,1218.59000000,0.0
1672082760000,1218.66000000,0.16999999999984539
1672082820000,1218.67000000,0.2599999999999909
1672082880000,1218.03000000,0.2699999999999818
1672082940000,1217.87000000,0.10000000000013642
1672083000000,1218.35000000,0.4299999999998363
1672083060000,1218.13000000,0.0
1672083120000,1217.99000000,0.15999999999985448
1672083180000,1217.41000000,0.30999999999994543
1672083240000,1217.61000000,0.0
1672083300000,1217.61000000,0.0
1672083360000,1217.61000000,0.0
1672083420000,1217.65000000,0.0
1672083480000,1217.65000000,0.0
1672083540000,1217.90000000,0.09000000000014552
1672083600000,1217.90000000,0.0
1672083660000,1217.66000000,0.009999999999990905
1672083720000,1217.66000000,0.0
1672083780000,1218.66000000,0.4900000000000091
1672083840000,1218.66000000,0.13999999999987267
1672083900000,1218.72000000,1.3699999999998909
1672083960000,1217.86000000,0.2400000000000091
1672084020000,1217.86000000,0.0
1672084080000,1217.86000000,0.0
1672084140000,1217.91000000,0.01999999999998181
1672084200000,1217.72000000,0.0
1672084260000,1217.72000000,0.0
1672084320000,1217.72000000,0.0
1672084380000,1217.45000000,0.009999999999990905
1672084440000,1217.45000000,0.0
1672084500000,1217.64000000,0.2199999999997999
1672084560000,1217.53000000,0.009999999999990905
1672084620000,1217.53000000,0.0
1672084680000,1217.53000000,0.0
1672084740000,1217.58000000,0.0
1672084800000,1218.01000000,0.0
1672084860000,1218.13000000,0.0
1672084920000,1218.02000000,0.17000000000007276
1672084980000,1218.02000000,0.0
1672085040000,1218.38000000,0.7200000000000273
1672085100000,1218.27000000,0.0
1672085160000,1218.27000000,0.0
1672085220000,1217.82000000,0.08000000000015461
1672085280000,1217.82000000,0.0
1672085340000,1217.82000000,0.0
1672085400000,1217.82000000,0.0
1672085460000,1217.82000000,0.0
1672085520000,1217.88000000,0.25
1672085580000,1217.65000000,0.03000000000020009
1672085640000,1217.28000000,0.03999999999996362
1672085700000,1217.28000000,0.0
1672085760000,1217.57000000,0.0
1672085820000,1217.57000000,0.0
1672085880000,1217.57000000,0.0
1672085940000,1217.66000000,0.029999999999972715
1672086000000,1217.66000000,0.0
1672086060000,1217.49000000,0.07999999999992724
1672086120000,1217.49000000,0.0
1672086180000,1217.02000000,0.5899999999999181
1672086240000,1217.66000000,0.44000000000005457
1672086300000,1217.66000000,0.0
1672086360000,1217.49000000,0.16000000000008185
1672086420000,1217.49000000,0.0
1672086480000,1217.40000000,0.0
1672086540000,1217.43000000,0.11999999999989086
1672086600000,1217.43000000,0.0
1672086660000,1217.43000000,0.0
1672086720000,1217.49000000,0.0
1672086780000,1217.40000000,0.0
1672086840000,1217.40000000,0.0
1672086900000,1217.40000000,0.0
1672086960000,1217.21000000,0.0
1672087020000,1216.80000000,0.0
1672087080000,1216.80000000,0.0
1672087140000,1216.68000000,0.0
1672087200000,1216.68000000,0.0
1672087260000,1216.68000000,0.0
1672087320000,1216.68000000,0.0
1672087380000,1216.68000000,0.0
1672087440000,1216.60000000,0.0
1672087500000,1216.60000000,0.0
1672087560000,1216.60000000,0.0
1672087620000,1217.34000000,0.5700000000001637
1672087680000,1217.34000000,0.0
1672087740000,1217.28000000,0.0
1672087800000,1217.23000000,0.01999999999998181
1672087860000,1216.99000000,0.0
1672087920000,1216.99000000,0.0
1672087980000,1217.28000000,0.35999999999989996
1672088040000,1217.55000000,0.11999999999989086
1672088100000,1217.48000000,0.15000000000009095
1672088160000,1217.56000000,0.0
1672088220000,1217.56000000,0.0
1672088280000,1217.56000000,0.0
1672088340000,1217.56000000,0.0
1672088400000,1217.35000000,0.009999999999990905
1672088460000,1217.35000000,0.0
1672088520000,1217.35000000,0.0
1672088580000,1217.35000000,0.0
1672088640000,1217.35000000,0.0
1672088700000,1217.56000000,0.16999999999984539
1672088760000,1217.87000000,0.2599999999999909
1672088820000,1217.87000000,0.0
1672088880000,1217.90000000,0.2199999999997999
1672088940000,1217.90000000,0.0
1672089000000,1217.90000000,0.0
1672089060000,1218.06000000,0.05999999999994543
1672089120000,1219.47000000,1.25
1672089180000,1219.06000000,0.33999999999991815
1672089240000,1219.06000000,0.0
1672089300000,1219.06000000,0.0
1672089360000,1218.41000000,0.06999999999993634
1672089420000,1218.24000000,0.0
1672089480000,1218.24000000,0.0
1672089540000,1218.24000000,0.0
1672089600000,1218.37000000,0.010000000000218279
1672089660000,1218.37000000,0.0
1672089720000,1218.93000000,0.08999999999991815
1672089780000,1218.82000000,0.6900000000000546
1672089840000,1218.93000000,0.5399999999999636
1672089900000,1218.93000000,0.0
1672089960000,1219.12000000,0.020000000000209184
1672090020000,1219.12000000,0.0
1672090080000,1219.12000000,0.0
1672090140000,1219.12000000,0.0
1672090200000,1219.12000000,0.0
1672090260000,1218.78000000,0.30999999999994543
1672090320000,1218.37000000,0.37000000000011823
1672090380000,1218.37000000,0.0
1672090440000,1218.65000000,0.2300000000000182
1672090500000,1218.34000000,0.5799999999999272
1672090560000,1218.40000000,0.0
1672090620000,1218.60000000,0.0
1672090680000,1218.78000000,0.029999999999972715
1672090740000,1218.78000000,0.0
1672090800000,1218.78000000,0.0
1672090860000,1218.19000000,0.3999999999998636
1672090920000,1218.19000000,0.0
1672090980000,1218.25000000,0.0
1672091040000,1217.31000000,1.0299999999999727
1672091100000,1216.80000000,0.7000000000000455
1672091160000,1216.80000000,0.0
1672091220000,1217.85000000,0.10999999999989996
1672091280000,1217.38000000,0.0
1672091340000,1217.37000000,0.0
1672091400000,1217.36000000,0.0
1672091460000,1217.15000000,0.3400000000001455
1672091520000,1217.15000000,0.0
1672091580000,1217.15000000,0.0
1672091640000,1217.15000000,0.0
1672091700000,1216.87000000,1.5199999999999818
1672091760000,1216.99000000,0.0
1672091820000,1216.99000000,0.0
1672091880000,1216.99000000,0.0
1672091940000,1217.01000000,0.0
1672092000000,1217.01000000,0.0
1672092060000,1217.01000000,0.0
1672092120000,1216.53000000,0.13000000000010914
1672092180000,1216.78000000,0.0
1672092240000,1216.78000000,0.0
1672092300000,1216.75000000,0.03999999999996362
1672092360000,1216.62000000,0.12000000000011823
1672092420000,1216.58000000,0.1899999999998272
1672092480000,1216.84000000,0.009999999999990905
1672092540000,1217.34000000,0.4700000000000273
1672092600000,1217.34000000,0.0
1672092660000,1217.34000000,0.0
1672092720000,1217.34000000,0.0
1672092780000,1217.34000000,0.0
1672092840000,1218.15000000,0.6199999999998909
1672092900000,1218.15000000,0.0
1672092960000,1218.15000000,0.0
1672093020000,1218.15000000,0.0
1672093080000,1218.15000000,0.0
1672093140000,1218.15000000,0.0
1672093200000,1218.10000000,0.0
1672093260000,1218.10000000,0.0
1672093320000,1218.10000000,0.0
1672093380000,1217.66000000,0.0
1672093440000,1217.48000000,0.0
1672093500000,1217.81000000,0.01999999999998181
1672093560000,1218.14000000,0.2599999999999909
1672093620000,1218.14000000,0.0
1672093680000,1218.14000000,0.0
1672093740000,1218.14000000,0.0
1672093800000,1218.71000000,0.6900000000000546
1672093860000,1219.03000000,0.029999999999972715
1672093920000,1218.86000000,0.009999999999990905
1672093980000,1218.42000000,0.0
1672094040000,1218.35000000,0.01999999999998181
1672094100000,1218.17000000,0.03999999999996362
1672094160000,1218.17000000,0.0
1672094220000,1218.17000000,0.0
1672094280000,1218.07000000,0.0
1672094340000,1218.07000000,0.0
1672094400000,1218.52000000,0.41000000000008185
1672094460000,1218.52000000,0.0
1672094520000,1218.66000000,0.029999999999972715
1672094580000,1218.66000000,0.0
1672094640000,1217.81000000,0.8900000000001
1672094700000,1217.81000000,0.0
1672094760000,1217.81000000,0.0
1672094820000,1217.81000000,0.0
1672094880000,1217.81000000,0.0
1672094940000,1217.81000000,0.0
