Time,Price,Delay
1672099200000,1231.69000000,4.900000000000091
1672099260000,1232.72000000,2.3299999999999272
1672099320000,1232.76000000,1.6800000000000637
1672099380000,1232.19000000,2.0599999999999454
1672099440000,1229.97000000,1.759999999999991
1672099500000,1232.29000000,2.0299999999999727
1672099560000,1232.12000000,0.7699999999999818
1672099620000,1230.44000000,1.1299999999998818
1672099680000,1230.44000000,0.9600000000000364
1672099740000,1229.46000000,0.7699999999999818
1672099800000,1229.10000000,1.099999999999909
1672099860000,1229.10000000,0.0
1672099920000,1229.56000000,0.2899999999999636
1672099980000,1228.68000000,1.7300000000000182
1672100040000,1229.31000000,0.9700000000000273
1672100100000,1229.06000000,0.7300000000000182
1672100160000,1228.55000000,0.21000000000003638
1672100220000,1227.95000000,0.8099999999999454
1672100280000,1227.07000000,1.1199999999998909
1672100340000,1227.01000000,1.1299999999998818
1672100400000,1227.95000000,1.4100000000000819
1672100460000,1227.47000000,0.25
1672100520000,1226.46000000,1.3900000000001
1672100580000,1226.66000000,1.1000000000001364
1672100640000,1226.56000000,0.9400000000000546
1672100700000,1226.95000000,1.3700000000001182
1672100760000,1226.72000000,0.5399999999999636
1672100820000,1227.09000000,0.0
1672100880000,1227.09000000,0.0
1672100940000,1227.19000000,0.36000000000012733
1672101000000,1226.56000000,0.5599999999999454
1672101060000,1226.78000000,0.16000000000008185
1672101120000,1226.02000000,1.1800000000000637
1672101180000,1225.50000000,0.029999999999972715
1672101240000,1225.05000000,0.5699999999999363
1672101300000,1225.85000000,0.5499999999999545
1672101360000,1224.77000000,1.4200000000000728
1672101420000,1224.66000000,0.5800000000001546
1672101480000,1224.13000000,0.4800000000000182
1672101540000,1223.66000000,0.6399999999998727
1672101600000,1223.81000000,1.5799999999999272
1672101660000,1223.85000000,0.5599999999999454
1672101720000,1223.34000000,0.7799999999999727
1672101780000,1223.19000000,0.599999999999909
1672101840000,1223.13000000,0.38999999999987267
1672101900000,1223.47000000,0.8700000000001182
1672101960000,1223.13000000,1.150000000000091
1672102020000,1222.47000000,0.4600000000000364
1672102080000,1223.08000000,0.9700000000000273
1672102140000,1222.47000000,0.5199999999999818
1672102200000,1222.70000000,0.8000000000001819
1672102260000,1223.18000000,0.009999999999990905
1672102320000,1223.18000000,0.0
1672102380000,1223.35000000,0.32999999999992724
1672102440000,1223.86000000,0.009999999999990905
1672102500000,1224.13000000,0.37000000000011823
1672102560000,1224.10000000,0.44000000000005457
1672102620000,1223.81000000,0.08000000000015461
1672102680000,1224.17000000,0.20000000000004547
1672102740000,1224.17000000,0.0
1672102800000,1225.39000000,0.8299999999999272
1672102860000,1224.34000000,0.6700000000000728
1672102920000,1224.10000000,0.7100000000000364
1672102980000,1224.94000000,1.0900000000001455
1672103040000,1225.46000000,0.3400000000001455
1672103100000,1224.85000000,0.4900000000000091
1672103160000,1225.47000000,0.44000000000005457
1672103220000,1225.47000000,0.0
1672103280000,1225.59000000,0.30999999999994543
1672103340000,1225.48000000,0.32999999999992724
1672103400000,1225.26000000,0.10999999999989996
1672103460000,1225.66000000,0.650000000000091
1672103520000,1225.66000000,0.0
1672103580000,1226.06000000,0.11000000000012733
1672103640000,1225.33000000,0.6000000000001364
1672103700000,1226.04000000,1.0699999999999363
1672103760000,1225.58000000,0.08000000000015461
1672103820000,1225.02000000,0.6800000000000637
1672103880000,1224.97000000,0.22000000000002728
1672103940000,1223.82000000,0.5299999999999727
1672104000000,1223.82000000,0.0
1672104060000,1223.32000000,1.259999999999991
1672104120000,1223.29000000,0.11000000000012733
1672104180000,1222.95000000,0.06999999999993634
1672104240000,1223.31000000,0.0
1672104300000,1223.31000000,0.0
1672104360000,1223.32000000,0.0
1672104420000,1223.37000000,0.10999999999989996
1672104480000,1223.37000000,0.0
1672104540000,1224.14000000,0.5700000000001637
1672104600000,1223.82000000,0.17000000000007276
1672104660000,1223.82000000,0.0
1672104720000,1223.82000000,0.0
1672104780000,1223.84000000,0.0
1672104840000,1223.55000000,0.06999999999993634
1672104900000,1223.55000000,0.0
1672104960000,1223.55000000,0.0
1672105020000,1223.83000000,0.32999999999992724
1672105080000,1223.17000000,0.2599999999999909
1672105140000,1223.13000000,0.0
1672105200000,1222.49000000,0.7400000000000091
1672105260000,1222.65000000,0.12000000000011823
1672105320000,1222.65000000,0.0
1672105380000,1222.01000000,0.20000000000004547
1672105440000,1222.27000000,0.06999999999993634
1672105500000,1222.36000000,0.0
1672105560000,1222.77000000,0.16000000000008185
1672105620000,1222.75000000,0.21000000000003638
1672105680000,1222.59000000,0.0
1672105740000,1222.50000000,0.18000000000006366
1672105800000,1222.62000000,0.6099999999999
1672105860000,1222.62000000,0.0
1672105920000,1222.76000000,0.0
1672105980000,1222.76000000,0.0
1672106040000,1222.69000000,0.37999999999988177
1672106100000,1222.69000000,0.0
1672106160000,1223.04000000,0.0
1672106220000,1222.66000000,0.029999999999972715
1672106280000,1222.66000000,0.0
1672106340000,1222.66000000,0.0
1672106400000,1223.82000000,0.6499999999998636
1672106460000,1224.50000000,0.7400000000000091
1672106520000,1225.00000000,0.0
1672106580000,1224.80000000,0.009999999999990905
1672106640000,1224.51000000,0.34999999999990905
1672106700000,1224.45000000,0.0
1672106760000,1224.56000000,0.09000000000014552
1672106820000,1224.28000000,0.18000000000006366
1672106880000,1224.12000000,0.3000000000001819
1672106940000,1224.12000000,0.0
1672107000000,1224.66000000,0.15000000000009095
1672107060000,1224.54000000,0.009999999999990905
1672107120000,1224.54000000,0.0
1672107180000,1224.58000000,0.10999999999989996
1672107240000,1223.90000000,0.8799999999998818
1672107300000,1223.90000000,0.0
1672107360000,1224.25000000,0.009999999999990905
1672107420000,1223.99000000,0.4600000000000364
1672107480000,1223.99000000,0.0
1672107540000,1223.26000000,0.9099999999998545
1672107600000,1223.72000000,0.009999999999990905
1672107660000,1224.27000000,0.2599999999999909
1672107720000,1224.27000000,0.0
1672107780000,1224.27000000,0.0
1672107840000,1224.01000000,0.009999999999990905
1672107900000,1224.51000000,0.18000000000006366
1672107960000,1224.51000000,0.0
1672108020000,1224.49000000,0.0
1672108080000,1224.23000000,0.2999999999999545
1672108140000,1224.23000000,0.0
1672108200000,1224.23000000,0.0
1672108260000,1224.94000000,0.0
1672108320000,1225.23000000,0.009999999999990905
1672108380000,1225.23000000,0.0
1672108440000,1224.74000000,0.30999999999994543
1672108500000,1224.62000000,0.2999999999999545
1672108560000,1224.07000000,0.39000000000010004
1672108620000,1224.01000000,0.03999999999996362
1672108680000,1224.01000000,0.0
1672108740000,1223.88000000,0.2800000000002001
1672108800000,1223.92000000,0.009999999999990905
1672108860000,1223.92000000,0.0
1672108920000,1223.92000000,0.0
1672108980000,1224.18000000,0.11000000000012733
1672109040000,1224.97000000,0.7400000000000091
1672109100000,1224.76000000,0.20000000000004547
1672109160000,1224.30000000,0.0
1672109220000,1224.76000000,0.16000000000008185
1672109280000,1224.76000000,0.0
1672109340000,1224.82000000,0.0
1672109400000,1224.82000000,0.0
1672109460000,1224.88000000,0.0
1672109520000,1224.88000000,0.0
1672109580000,1224.09000000,0.20000000000004547
1672109640000,1224.23000000,0.31999999999993634
1672109700000,1224.23000000,0.0
1672109760000,1224.91000000,0.14000000000010004
1672109820000,1224.91000000,0.0
1672109880000,1224.53000000,0.0
1672109940000,1224.53000000,0.0
1672110000000,1224.45000000,0.0
1672110060000,1224.45000000,0.0
1672110120000,1223.95000000,0.19000000000005457
1672110180000,1223.95000000,0.0
1672110240000,1223.61000000,0.21000000000003638
1672110300000,1223.82000000,0.07999999999992724
1672110360000,1223.73000000,0.13000000000010914
1672110420000,1223.73000000,0.0
1672110480000,1223.25000000,0.03999999999996362
1672110540000,1222.84000000,0.15000000000009095
1672110600000,1223.45000000,0.2899999999999636
1672110660000,1222.96000000,0.19000000000005457
1672110720000,1223.41000000,0.0
1672110780000,1223.45000000,0.01999999999998181
1672110840000,1222.86000000,0.25
1672110900000,1222.62000000,0.2599999999999909
1672110960000,1222.79000000,0.0
1672111020000,1222.39000000,0.2800000000002001
1672111080000,1222.36000000,0.0
1672111140000,1222.25000000,0.20000000000004547
1672111200000,1222.42000000,0.20000000000004547
1672111260000,1222.38000000,0.07000000000016371
1672111320000,1222.36000000,0.060000000000172804
1672111380000,1222.80000000,1.25
1672111440000,1222.75000000,0.09999999999990905
1672111500000,1223.01000000,0.35999999999989996
1672111560000,1223.32000000,0.009999999999990905
1672111620000,1223.32000000,0.0
1672111680000,1223.32000000,0.0
1672111740000,1223.32000000,0.0
1672111800000,1223.32000000,0.0
1672111860000,1223.13000000,0.14999999999986358
1672111920000,1223.44000000,0.10000000000013642
1672111980000,1223.34000000,0.06999999999993634
1672112040000,1223.45000000,0.21000000000003638
1672112100000,1223.10000000,0.009999999999990905
1672112160000,1223.10000000,0.0
1672112220000,1222.69000000,0.19000000000005457
1672112280000,1222.16000000,0.6199999999998909
1672112340000,1222.40000000,0.11000000000012733
1672112400000,1222.78000000,0.2899999999999636
1672112460000,1222.36000000,0.060000000000172804
1672112520000,1222.53000000,0.2400000000000091
1672112580000,1222.64000000,0.020000000000209184
1672112640000,1222.91000000,0.0
1672112700000,1222.76000000,0.0
1672112760000,1223.40000000,0.4900000000000091
1672112820000,1223.94000000,0.41000000000008185
1672112880000,1223.70000000,0.0
1672112940000,1223.70000000,0.0
1672113000000,1223.70000000,0.0
1672113060000,1223.70000000,0.0
1672113120000,1223.69000000,0.009999999999990905
1672113180000,1223.84000000,0.029999999999972715
1672113240000,1223.27000000,0.5199999999999818
1672113300000,1223.27000000,0.0
1672113360000,1223.43000000,0.0
1672113420000,1223.43000000,0.0
1672113480000,1223.43000000,0.0
1672113540000,1223.71000000,0.5399999999999636
1672113600000,1223.71000000,0.0
1672113660000,1223.58000000,0.0
1672113720000,1223.41000000,0.009999999999990905
1672113780000,1223.67000000,0.10000000000013642
1672113840000,1223.60000000,0.2199999999997999
1672113900000,1223.60000000,0.0
1672113960000,1223.65000000,0.0
1672114020000,1223.47000000,0.06999999999993634
1672114080000,1223.30000000,0.12000000000011823
1672114140000,1223.30000000,0.0
1672114200000,1223.89000000,0.3100000000001728
1672114260000,1223.46000000,0.18000000000006366
1672114320000,1223.18000000,0.15999999999985448
1672114380000,1223.18000000,0.0
1672114440000,1223.18000000,0.0
1672114500000,1223.54000000,0.029999999999972715
1672114560000,1223.31000000,0.0
1672114620000,1222.85000000,0.25
1672114680000,1222.81000000,0.009999999999990905
1672114740000,1222.45000000,0.049999999999954525
1672114800000,1222.77000000,0.09999999999990905
1672114860000,1222.77000000,0.0
1672114920000,1222.60000000,0.029999999999972715
1672114980000,1222.43000000,0.009999999999990905
1672115040000,1222.46000000,0.0
1672115100000,1222.59000000,0.08000000000015461
1672115160000,1222.59000000,0.0
1672115220000,1222.59000000,0.0
1672115280000,1222.59000000,0.0
1672115340000,1222.59000000,0.0
1672115400000,1222.52000000,0.009999999999990905
1672115460000,1222.36000000,0.0
1672115520000,1222.63000000,0.009999999999990905
1672115580000,1222.55000000,0.009999999999990905
1672115640000,1222.55000000,0.0
1672115700000,1222.55000000,0.0
1672115760000,1222.55000000,0.0
1672115820000,1222.55000000,0.0
1672115880000,1223.14000000,0.5699999999999363
1672115940000,1223.14000000,0.0
1672116000000,1223.45000000,0.2899999999999636
1672116060000,1223.45000000,0.0
1672116120000,1223.48000000,0.07999999999992724
1672116180000,1223.37000000,0.13000000000010914
1672116240000,1223.00000000,0.09999999999990905
1672116300000,1223.11000000,0.13000000000010914
1672116360000,1223.42000000,0.01999999999998181
1672116420000,1223.42000000,0.0
1672116480000,1223.42000000,0.0
1672116540000,1223.42000000,0.0
1672116600000,1224.03000000,0.06999999999993634
1672116660000,1223.62000000,0.17000000000007276
1672116720000,1223.62000000,0.0
1672116780000,1223.62000000,0.0
1672116840000,1223.62000000,0.0
1672116900000,1223.83000000,0.22000000000002728
1672116960000,1224.23000000,0.0
1672117020000,1224.15000000,0.029999999999972715
1672117080000,1224.15000000,0.0
1672117140000,1223.98000000,0.06999999999993634
1672117200000,1224.25000000,0.14000000000010004
1672117260000,1223.89000000,0.7599999999999909
1672117320000,1223.94000000,0.03999999999996362
1672117380000,1224.08000000,0.06999999999993634
1672117440000,1224.29000000,0.0
1672117500000,1224.29000000,0.0
1672117560000,1224.29000000,0.0
1672117620000,1224.29000000,0.0
1672117680000,1223.59000000,0.19000000000005457
1672117740000,1224.52000000,0.5099999999999909
1672117800000,1224.18000000,0.009999999999990905
1672117860000,1224.18000000,0.0
1672117920000,1224.18000000,0.0
1672117980000,1224.18000000,0.0
1672118040000,1223.92000000,0.029999999999972715
1672118100000,1223.92000000,0.0
1672118160000,1223.80000000,0.22000000000002728
1672118220000,1223.80000000,0.0
1672118280000,1223.80000000,0.0
1672118340000,1223.80000000,0.0
1672118400000,1223.87000000,0.009999999999990905
1672118460000,1223.72000000,0.16000000000008185
1672118520000,1223.57000000,0.31999999999993634
1672118580000,1223.28000000,0.12000000000011823
1672118640000,1223.28000000,0.0
1672118700000,1223.17000000,0.009999999999990905
1672118760000,1223.19000000,0.0
1672118820000,1223.26000000,0.0
1672118880000,1223.26000000,0.0
1672118940000,1223.26000000,0.0
1672119000000,1223.26000000,0.0
1672119060000,1223.17000000,0.18000000000006366
1672119120000,1223.17000000,0.0
1672119180000,1222.87000000,0.0
1672119240000,1222.87000000,0.0
1672119300000,1223.76000000,0.4700000000000273
1672119360000,1223.81000000,0.6300000000001091
1672119420000,1224.04000000,0.009999999999990905
1672119480000,1224.04000000,0.0
1672119540000,1223.69000000,0.009999999999990905
1672119600000,1223.71000000,0.0
1672119660000,1223.71000000,0.0
1672119720000,1223.53000000,0.13000000000010914
1672119780000,1223.14000000,0.35999999999989996
1672119840000,1223.48000000,0.1999999999998181
1672119900000,1223.50000000,0.11999999999989086
1672119960000,1224.18000000,0.2599999999999909
1672120020000,1224.18000000,0.0
1672120080000,1224.00000000,0.11999999999989086
1672120140000,1223.74000000,0.3100000000001728
1672120200000,1222.51000000,1.3199999999999363
1672120260000,1222.51000000,0.0
1672120320000,1222.81000000,0.01999999999998181
1672120380000,1223.20000000,0.009999999999990905
1672120440000,1223.20000000,0.0
1672120500000,1223.20000000,0.0
1672120560000,1222.95000000,0.009999999999990905
1672120620000,1222.95000000,0.0
1672120680000,1222.95000000,0.0
1672120740000,1222.94000000,0.0
1672120800000,1222.96000000,0.009999999999990905
1672120860000,1223.13000000,0.0
1672120920000,1223.13000000,0.0
1672120980000,1223.13000000,0.0
1672121040000,1222.78000000,0.0
1672121100000,1222.58000000,0.14000000000010004
1672121160000,1222.58000000,0.0
1672121220000,1222.70000000,0.0
1672121280000,1222.70000000,0.0
1672121340000,1222.70000000,0.0
1672121400000,1222.70000000,0.0
1672121460000,1222.70000000,0.0
1672121520000,1222.70000000,0.0
1672121580000,1222.29000000,0.0
1672121640000,1222.29000000,0.0
1672121700000,1222.29000000,0.0
1672121760000,1222.29000000,0.0
1672121820000,1222.29000000,0.0
1672121880000,1222.29000000,0.0
1672121940000,1222.84000000,0.0
1672122000000,1222.84000000,0.0
1672122060000,1222.84000000,0.0
1672122120000,1222.84000000,0.0
1672122180000,1222.63000000,0.01999999999998181
1672122240000,1222.63000000,0.0
1672122300000,1222.63000000,0.0
1672122360000,1222.63000000,0.0
1672122420000,1221.94000000,0.38000000000010914
1672122480000,1222.71000000,0.4500000000000455
1672122540000,1223.25000000,0.4600000000000364
1672122600000,1223.25000000,0.0
1672122660000,1223.25000000,0.0
1672122720000,1222.95000000,0.5
1672122780000,1223.20000000,0.7899999999999636
1672122840000,1223.66000000,0.40000000000009095
1672122900000,1224.23000000,0.0
1672122960000,1223.75000000,0.009999999999990905
1672123020000,1223.75000000,0.0
1672123080000,1223.75000000,0.0
1672123140000,1223.75000000,0.0
1672123200000,1223.71000000,0.009999999999990905
1672123260000,1223.71000000,0.0
1672123320000,1223.71000000,0.0
1672123380000,1223.71000000,0.0
1672123440000,1223.71000000,0.0
1672123500000,1223.16000000,0.75
1672123560000,1223.15000000,0.06999999999993634
1672123620000,1223.47000000,0.009999999999990905
1672123680000,1223.47000000,0.0
1672123740000,1223.65000000,0.07999999999992724
1672123800000,1223.66000000,0.0
1672123860000,1223.46000000,0.25
1672123920000,1223.46000000,0.0
1672123980000,1224.04000000,0.09999999999990905
1672124040000,1224.00000000,0.17000000000007276
1672124100000,1223.61000000,0.7699999999999818
1672124160000,1223.61000000,0.0
1672124220000,1223.61000000,0.0
1672124280000,1223.61000000,0.0
1672124340000,1224.25000000,0.15000000000009095
1672124400000,1224.25000000,0.0
1672124460000,1223.70000000,0.0
1672124520000,1223.92000000,0.14999999999986358
1672124580000,1223.41000000,0.8599999999999
1672124640000,1223.41000000,0.0
1672124700000,1223.91000000,0.22000000000002728
1672124760000,1222.99000000,0.4800000000000182
1672124820000,1222.67000000,0.36999999999989086
1672124880000,1222.67000000,0.0
1672124940000,1223.38000000,0.3000000000001819
1672125000000,1223.28000000,0.0
1672125060000,1223.28000000,0.0
1672125120000,1223.16000000,0.01999999999998181
1672125180000,1223.16000000,0.0
1672125240000,1223.16000000,0.0
1672125300000,1223.16000000,0.0
1672125360000,1222.52000000,0.43000000000006366
1672125420000,1222.95000000,0.009999999999990905
1672125480000,1222.95000000,0.0
1672125540000,1222.95000000,0.0
1672125600000,1223.10000000,0.0
1672125660000,1223.36000000,0.44000000000005457
1672125720000,1223.36000000,0.0
1672125780000,1223.36000000,0.0
1672125840000,1223.84000000,0.0
1672125900000,1223.75000000,0.0
1672125960000,1223.93000000,0.009999999999990905
1672126020000,1223.93000000,0.0
1672126080000,1223.64000000,0.0
1672126140000,1223.64000000,0.0
1672126200000,1223.64000000,0.0
1672126260000,1223.64000000,0.0
1672126320000,1223.59000000,0.0500000000001819
1672126380000,1223.59000000,0.0
1672126440000,1223.59000000,0.0
1672126500000,1223.15000000,0.009999999999990905
1672126560000,1222.80000000,0.03999999999996362
1672126620000,1222.80000000,0.0
1672126680000,1222.80000000,0.0
1672126740000,1222.37000000,0.32999999999992724
1672126800000,1221.75000000,0.7400000000000091
1672126860000,1221.08000000,0.8700000000001182
1672126920000,1222.19000000,1.2999999999999545
1672126980000,1222.17000000,0.0
1672127040000,1221.76000000,0.4399999999998272
1672127100000,1221.36000000,0.5800000000001546
1672127160000,1220.96000000,0.44000000000005457
1672127220000,1220.96000000,0.0
1672127280000,1221.34000000,0.2400000000000091
1672127340000,1221.34000000,0.0
1672127400000,1221.94000000,0.029999999999972715
1672127460000,1221.94000000,0.0
1672127520000,1221.94000000,0.0
1672127580000,1222.48000000,0.6400000000001
1672127640000,1222.33000000,0.0
1672127700000,1222.33000000,0.0
1672127760000,1222.06000000,0.20000000000004547
1672127820000,1222.06000000,0.0
1672127880000,1221.85000000,0.16000000000008185
1672127940000,1222.09000000,0.0
1672128000000,1222.09000000,0.0
1672128060000,1220.76000000,1.2999999999999545
1672128120000,1218.75000000,4.529999999999973
1672128180000,1218.97000000,2.3700000000001182
1672128240000,1219.15000000,0.33999999999991815
1672128300000,1218.68000000,0.650000000000091
1672128360000,1218.89000000,0.209999999999809
1672128420000,1218.59000000,0.7699999999999818
1672128480000,1218.54000000,0.6300000000001091
1672128540000,1218.46000000,0.0
1672128600000,1218.58000000,0.0
1672128660000,1219.04000000,0.0
1672128720000,1219.04000000,0.0
1672128780000,1218.53000000,0.07999999999992724
1672128840000,1218.35000000,0.0
1672128900000,1218.00000000,0.5899999999999181
1672128960000,1218.42000000,0.0
1672129020000,1218.42000000,0.0
1672129080000,1218.84000000,0.0
1672129140000,1219.07000000,0.20000000000004547
1672129200000,1219.30000000,0.009999999999990905
1672129260000,1219.30000000,0.0
1672129320000,1219.56000000,0.39000000000010004
1672129380000,1219.88000000,0.2199999999997999
1672129440000,1219.82000000,0.0
1672129500000,1219.82000000,0.0
1672129560000,1219.75000000,0.0
1672129620000,1220.00000000,0.8199999999999363
1672129680000,1219.71000000,0.049999999999954525
1672129740000,1219.58000000,0.049999999999954525
1672129800000,1219.62000000,0.0
1672129860000,1218.91000000,0.6099999999999
1672129920000,1218.47000000,0.4299999999998363
1672129980000,1218.73000000,0.4800000000000182
1672130040000,1218.54000000,0.0
1672130100000,1218.39000000,0.17000000000007276
1672130160000,1217.94000000,0.21000000000003638
1672130220000,1218.40000000,0.15000000000009095
1672130280000,1219.08000000,0.5899999999999181
1672130340000,1218.94000000,0.09999999999990905
1672130400000,1218.87000000,0.029999999999972715
1672130460000,1218.87000000,0.0
1672130520000,1218.87000000,0.0
1672130580000,1218.87000000,0.0
1672130640000,1218.64000000,0.14999999999986358
1672130700000,1218.64000000,0.0
1672130760000,1218.64000000,0.0
1672130820000,1218.69000000,0.2799999999999727
1672130880000,1218.69000000,0.0
1672130940000,1218.91000000,0.0
1672131000000,1218.91000000,0.0
1672131060000,1218.91000000,0.060000000000172804
1672131120000,1218.89000000,0.020000000000209184
1672131180000,1218.16000000,0.4800000000000182
1672131240000,1217.65000000,0.25
1672131300000,1217.51000000,0.7100000000000364
1672131360000,1217.62000000,0.36999999999989086
1672131420000,1218.46000000,0.6900000000000546
1672131480000,1217.46000000,1.2100000000000364
1672131540000,1217.41000000,0.35999999999989996
1672131600000,1216.44000000,0.5099999999999909
1672131660000,1216.44000000,0.0
1672131720000,1216.44000000,0.08000000000015461
1672131780000,1216.83000000,0.11999999999989086
1672131840000,1216.75000000,0.5499999999999545
1672131900000,1217.43000000,0.7999999999999545
1672131960000,1217.52000000,0.08999999999991815
1672132020000,1217.53000000,0.0
1672132080000,1217.76000000,0.21000000000003638
1672132140000,1217.76000000,0.0
1672132200000,1217.60000000,0.009999999999990905
1672132260000,1217.33000000,0.0
1672132320000,1218.06000000,0.6799999999998363
1672132380000,1217.86000000,0.0
1672132440000,1217.91000000,0.07999999999992724
1672132500000,1217.91000000,0.0
1672132560000,1217.91000000,0.0
1672132620000,1217.91000000,0.0
1672132680000,1217.28000000,0.0
1672132740000,1217.27000000,0.009999999999990905
1672132800000,1217.27000000,0.0
1672132860000,1217.27000000,0.0
1672132920000,1217.85000000,0.2400000000000091
1672132980000,1218.07000000,0.0
1672133040000,1218.07000000,0.0
1672133100000,1218.40000000,0.009999999999990905
1672133160000,1218.43000000,0.3400000000001455
1672133220000,1218.43000000,0.0
1672133280000,1218.43000000,0.0
1672133340000,1218.59000000,0.38999999999987267
1672133400000,1218.59000000,0.0
1672133460000,1218.59000000,0.0
1672133520000,1218.59000000,0.0
1672133580000,1218.59000000,0.0
1672133640000,1218.59000000,0.0
1672133700000,1219.09000000,0.2999999999999545
1672133760000,1218.66000000,0.0
1672133820000,1219.11000000,0.0
1672133880000,1219.11000000,0.0
1672133940000,1219.11000000,0.0
1672134000000,1218.70000000,0.0
1672134060000,1218.70000000,0.0
1672134120000,1218.70000000,0.0
1672134180000,1218.95000000,0.0
1672134240000,1219.27000000,0.0
1672134300000,1219.21000000,0.4800000000000182
1672134360000,1219.21000000,0.0
1672134420000,1219.43000000,0.009999999999990905
1672134480000,1219.43000000,0.0
1672134540000,1219.57000000,0.009999999999990905
1672134600000,1218.89000000,0.6099999999999
1672134660000,1218.99000000,0.32999999999992724
1672134720000,1219.41000000,0.25
1672134780000,1220.55000000,1.1600000000000819
1672134840000,1221.61000000,1.1800000000000637
1672134900000,1221.48000000,0.7899999999999636
1672134960000,1221.30000000,0.5499999999999545
1672135020000,1221.57000000,0.4600000000000364
1672135080000,1221.74000000,0.0
1672135140000,1221.74000000,0.0
1672135200000,1222.69000000,0.43000000000006366
1672135260000,1222.89000000,0.18000000000006366
1672135320000,1222.67000000,0.2699999999999818
1672135380000,1221.99000000,0.6800000000000637
1672135440000,1221.61000000,0.5800000000001546
1672135500000,1221.19000000,0.16999999999984539
1672135560000,1221.25000000,0.2400000000000091
1672135620000,1220.66000000,0.4099999999998545
1672135680000,1220.91000000,0.40000000000009095
1672135740000,1221.14000000,0.2199999999997999
1672135800000,1221.28000000,0.049999999999954525
1672135860000,1221.91000000,0.3500000000001364
1672135920000,1222.24000000,0.0
1672135980000,1223.02000000,0.6399999999998727
1672136040000,1222.24000000,0.7599999999999909
1672136100000,1222.08000000,0.5600000000001728
1672136160000,1221.75000000,0.5399999999999636
1672136220000,1221.75000000,0.0
1672136280000,1222.24000000,0.13000000000010914
1672136340000,1222.24000000,0.0
1672136400000,1222.24000000,0.0
1672136460000,1221.95000000,0.10999999999989996
1672136520000,1222.99000000,0.0
1672136580000,1222.57000000,0.5800000000001546
1672136640000,1222.28000000,0.0
1672136700000,1222.28000000,0.0
1672136760000,1222.38000000,0.0
1672136820000,1222.56000000,0.009999999999990905
1672136880000,1222.82000000,0.0
1672136940000,1222.61000000,0.0
1672137000000,1223.19000000,0.0
1672137060000,1222.62000000,0.2799999999999727
1672137120000,1222.62000000,0.0
1672137180000,1222.12000000,0.25
1672137240000,1222.12000000,0.0
1672137300000,1222.12000000,0.0
1672137360000,1222.12000000,0.0
1672137420000,1222.12000000,0.0
1672137480000,1222.45000000,0.2999999999999545
1672137540000,1222.03000000,0.0
1672137600000,1222.03000000,0.0
1672137660000,1221.75000000,0.0
1672137720000,1221.75000000,0.0
1672137780000,1221.75000000,0.0
1672137840000,1221.75000000,0.0
1672137900000,1221.61000000,0.0
1672137960000,1221.33000000,0.0
1672138020000,1221.33000000,0.0
1672138080000,1221.26000000,0.33999999999991815
1672138140000,1221.01000000,0.2999999999999545
1672138200000,1220.81000000,0.2999999999999545
1672138260000,1220.81000000,0.0
1672138320000,1220.60000000,0.36999999999989086
1672138380000,1220.60000000,0.0
1672138440000,1220.86000000,0.16999999999984539
1672138500000,1221.01000000,0.17000000000007276
1672138560000,1220.92000000,0.0
1672138620000,1220.80000000,0.0
1672138680000,1221.41000000,0.16000000000008185
1672138740000,1221.54000000,0.43000000000006366
1672138800000,1221.44000000,0.4900000000000091
1672138860000,1221.44000000,0.0
1672138920000,1221.44000000,0.0
1672138980000,1221.44000000,0.0
1672139040000,1220.91000000,0.0
1672139100000,1221.54000000,0.30999999999994543
1672139160000,1221.54000000,0.0
1672139220000,1221.39000000,0.0
1672139280000,1221.30000000,0.0
1672139340000,1221.30000000,0.0
1672139400000,1220.76000000,0.009999999999990905
1672139460000,1220.90000000,0.0
1672139520000,1220.90000000,0.0
1672139580000,1220.90000000,0.0
1672139640000,1220.90000000,0.0
1672139700000,1221.17000000,0.2899999999999636
1672139760000,1221.17000000,0.0
1672139820000,1221.17000000,0.0
1672139880000,1218.91000000,1.7699999999999818
1672139940000,1218.96000000,2.089999999999918
1672140000000,1219.20000000,0.06999999999993634
1672140060000,1219.28000000,0.9100000000000819
1672140120000,1219.09000000,0.14999999999986358
1672140180000,1219.22000000,0.0
1672140240000,1219.20000000,0.2999999999999545
1672140300000,1219.56000000,0.20000000000004547
1672140360000,1220.13000000,0.06999999999993634
1672140420000,1219.70000000,0.03999999999996362
1672140480000,1219.70000000,0.0
1672140540000,1219.74000000,0.0
1672140600000,1219.65000000,0.3000000000001819
1672140660000,1219.47000000,0.0
1672140720000,1219.12000000,0.2400000000000091
1672140780000,1219.75000000,0.6199999999998909
1672140840000,1219.19000000,0.0
1672140900000,1219.19000000,0.0
1672140960000,1219.19000000,0.0
1672141020000,1219.19000000,0.0
1672141080000,1219.14000000,0.22999999999979082
1672141140000,1219.14000000,0.0
1672141200000,1219.30000000,0.16000000000008185
1672141260000,1219.23000000,0.009999999999990905
1672141320000,1219.20000000,0.0
1672141380000,1219.20000000,0.0
1672141440000,1218.95000000,0.2700000000002092
1672141500000,1218.24000000,0.14000000000010004
1672141560000,1218.65000000,0.22000000000002728
1672141620000,1218.93000000,0.060000000000172804
1672141680000,1218.93000000,0.0
1672141740000,1218.93000000,0.0
1672141800000,1219.45000000,0.029999999999972715
1672141860000,1219.45000000,0.0
1672141920000,1219.45000000,0.0
1672141980000,1219.60000000,0.2599999999999909
1672142040000,1219.60000000,0.0
1672142100000,1219.60000000,0.0
1672142160000,1219.60000000,0.0
1672142220000,1219.60000000,0.0
1672142280000,1219.35000000,0.0
1672142340000,1219.35000000,0.0
1672142400000,1218.90000000,0.16999999999984539
1672142460000,1218.90000000,0.0
1672142520000,1219.15000000,0.009999999999990905
1672142580000,1219.15000000,0.0
1672142640000,1219.15000000,0.0
1672142700000,1219.09000000,0.0
1672142760000,1219.03000000,0.25
1672142820000,1218.82000000,0.009999999999990905
1672142880000,1219.12000000,0.009999999999990905
1672142940000,1219.47000000,0.0
1672143000000,1219.47000000,0.0
1672143060000,1219.26000000,0.0
1672143120000,1219.26000000,0.0
1672143180000,1219.26000000,0.0
1672143240000,1219.61000000,0.22999999999979082
1672143300000,1219.22000000,0.01999999999998181
1672143360000,1219.22000000,0.0
1672143420000,1218.55000000,0.41000000000008185
1672143480000,1218.78000000,0.07999999999992724
1672143540000,1218.82000000,0.17000000000007276
1672143600000,1219.17000000,0.22000000000002728
1672143660000,1218.80000000,0.41000000000008185
1672143720000,1218.80000000,0.0
1672143780000,1218.80000000,0.0
1672143840000,1218.80000000,0.0
1672143900000,1219.26000000,0.4700000000000273
1672143960000,1218.79000000,0.13000000000010914
1672144020000,1218.67000000,0.7200000000000273
1672144080000,1218.67000000,0.0
1672144140000,1218.15000000,0.009999999999990905
1672144200000,1217.03000000,1.0399999999999636
1672144260000,1218.19000000,0.2400000000000091
1672144320000,1218.01000000,0.2599999999999909
1672144380000,1217.51000000,0.06999999999993634
1672144440000,1217.95000000,0.5699999999999363
1672144500000,1218.94000000,0.029999999999972715
1672144560000,1218.45000000,0.03999999999996362
1672144620000,1217.69000000,0.6299999999998818
1672144680000,1217.53000000,0.0
1672144740000,1217.53000000,0.0
1672144800000,1217.53000000,0.0
1672144860000,1217.53000000,0.0
1672144920000,1217.69000000,0.01999999999998181
1672144980000,1217.52000000,0.4500000000000455
1672145040000,1217.12000000,0.020000000000209184
1672145100000,1217.12000000,0.0
1672145160000,1218.42000000,1.3500000000001364
1672145220000,1217.90000000,0.03999999999996362
1672145280000,1217.56000000,0.14000000000010004
1672145340000,1217.61000000,0.060000000000172804
1672145400000,1217.61000000,0.0
1672145460000,1217.31000000,0.05999999999994543
1672145520000,1217.30000000,0.0
1672145580000,1216.80000000,0.650000000000091
1672145640000,1216.50000000,0.36999999999989086
1672145700000,1216.44000000,1.3900000000001
1672145760000,1216.76000000,0.2300000000000182
1672145820000,1217.10000000,0.19000000000005457
1672145880000,1216.85000000,0.0
1672145940000,1217.20000000,0.30999999999994543
1672146000000,1217.20000000,0.0
1672146060000,1217.17000000,0.0500000000001819
1672146120000,1215.68000000,2.019999999999982
1672146180000,1217.23000000,1.6100000000001273
1672146240000,1217.23000000,0.0
1672146300000,1217.57000000,0.0
1672146360000,1217.57000000,0.0
1672146420000,1217.57000000,0.0
1672146480000,1217.61000000,0.0
1672146540000,1218.03000000,0.0
1672146600000,1218.03000000,0.0
1672146660000,1218.03000000,0.0
1672146720000,1218.03000000,0.0
1672146780000,1217.82000000,0.060000000000172804
1672146840000,1218.31000000,0.5
1672146900000,1217.82000000,0.18000000000006366
1672146960000,1217.82000000,0.0
1672147020000,1217.94000000,0.0
1672147080000,1217.64000000,0.0
1672147140000,1218.21000000,0.5
1672147200000,1218.78000000,0.35999999999989996
1672147260000,1218.78000000,0.0
1672147320000,1218.78000000,0.0
1672147380000,1218.59000000,0.17000000000007276
1672147440000,1218.57000000,0.0
1672147500000,1218.29000000,0.07999999999992724
1672147560000,1218.29000000,0.0
1672147620000,1218.29000000,0.0
1672147680000,1218.29000000,0.0
1672147740000,1218.29000000,0.0
1672147800000,1218.60000000,0.3000000000001819
1672147860000,1218.03000000,0.0
1672147920000,1218.03000000,0.0
1672147980000,1218.03000000,0.0
1672148040000,1218.03000000,0.0
1672148100000,1218.03000000,0.0
1672148160000,1218.03000000,0.0
1672148220000,1218.03000000,0.0
1672148280000,1217.11000000,0.12000000000011823
1672148340000,1217.53000000,0.009999999999990905
1672148400000,1217.53000000,0.0
1672148460000,1217.53000000,0.0
1672148520000,1217.39000000,0.0
1672148580000,1217.25000000,0.38000000000010914
1672148640000,1217.25000000,0.0
1672148700000,1217.25000000,0.0
1672148760000,1217.00000000,0.009999999999990905
1672148820000,1216.75000000,0.38999999999987267
1672148880000,1217.34000000,0.5299999999999727
1672148940000,1217.28000000,0.4500000000000455
1672149000000,1217.05000000,0.029999999999972715
1672149060000,1217.56000000,0.6900000000000546
1672149120000,1217.36000000,0.10999999999989996
1672149180000,1217.36000000,0.0
1672149240000,1217.36000000,0.0
1672149300000,1217.44000000,0.0
1672149360000,1217.44000000,0.0
1672149420000,1217.44000000,0.0
1672149480000,1217.44000000,0.0
1672149540000,1217.53000000,0.05999999999994543
1672149600000,1217.53000000,0.0
1672149660000,1217.53000000,0.0
1672149720000,1217.53000000,0.0
1672149780000,1217.53000000,0.0
1672149840000,1217.53000000,0.0
1672149900000,1217.74000000,0.34999999999990905
1672149960000,1218.03000000,0.029999999999972715
1672150020000,1218.36000000,0.009999999999990905
1672150080000,1218.36000000,0.0
1672150140000,1217.94000000,0.2799999999999727
1672150200000,1217.94000000,0.0
1672150260000,1217.94000000,0.0
1672150320000,1217.94000000,0.0
1672150380000,1217.72000000,0.029999999999972715
1672150440000,1217.72000000,0.0
1672150500000,1217.72000000,0.0
1672150560000,1217.72000000,0.0
1672150620000,1217.72000000,0.0
1672150680000,1217.72000000,0.0
1672150740000,1218.23000000,0.5799999999999272
1672150800000,1218.23000000,0.0
1672150860000,1218.23000000,0.0
1672150920000,1218.89000000,0.020000000000209184
1672150980000,1218.37000000,0.36000000000012733
1672151040000,1218.37000000,0.0
1672151100000,1218.29000000,0.13000000000010914
1672151160000,1218.04000000,0.01999999999998181
1672151220000,1218.04000000,0.0
1672151280000,1218.04000000,0.0
1672151340000,1218.04000000,0.0
1672151400000,1217.76000000,1.2100000000000364
1672151460000,1215.69000000,1.9200000000000728
1672151520000,1215.56000000,0.5599999999999454
1672151580000,1216.80000000,0.9900000000000091
1672151640000,1215.68000000,0.6900000000000546
1672151700000,1215.45000000,0.8599999999999
1672151760000,1212.91000000,4.879999999999882
1672151820000,1210.91000000,2.2799999999999727
1672151880000,1212.02000000,1.5800000000001546
1672151940000,1212.92000000,1.0199999999999818
1672152000000,1212.04000000,1.599999999999909
1672152060000,1211.00000000,1.4200000000000728
1672152120000,1211.50000000,1.2300000000000182
1672152180000,1211.48000000,0.20000000000004547
1672152240000,1212.43000000,0.8099999999999454
1672152300000,1210.14000000,2.3899999999998727
1672152360000,1210.11000000,1.240000000000009
1672152420000,1210.33000000,0.7100000000000364
1672152480000,1209.02000000,1.25
1672152540000,1210.40000000,2.369999999999891
1672152600000,1210.20000000,0.4500000000000455
1672152660000,1209.83000000,0.08999999999991815
1672152720000,1211.33000000,1.1099999999999
1672152780000,1211.08000000,0.16000000000008185
1672152840000,1211.05000000,0.6200000000001182
1672152900000,1210.50000000,0.33999999999991815
1672152960000,1211.14000000,0.7300000000000182
1672153020000,1210.91000000,0.4900000000000091
1672153080000,1210.51000000,0.21000000000003638
1672153140000,1210.41000000,0.9200000000000728
1672153200000,1208.58000000,1.9099999999998545
1672153260000,1209.06000000,1.2899999999999636
1672153320000,1207.46000000,1.2000000000000455
1672153380000,1208.33000000,1.6499999999998636
1672153440000,1209.69000000,1.7100000000000364
1672153500000,1209.61000000,0.5599999999999454
1672153560000,1209.83000000,0.8200000000001637
1672153620000,1210.38000000,0.6600000000000819
1672153680000,1210.55000000,0.38000000000010914
1672153740000,1211.09000000,0.5599999999999454
1672153800000,1210.44000000,0.32999999999992724
1672153860000,1210.35000000,0.8099999999999454
1672153920000,1210.68000000,0.2999999999999545
1672153980000,1211.24000000,0.40000000000009095
1672154040000,1212.30000000,1.1499999999998636
1672154100000,1212.28000000,0.6599999999998545
1672154160000,1212.46000000,0.33999999999991815
1672154220000,1213.29000000,1.4600000000000364
1672154280000,1215.28000000,1.8500000000001364
1672154340000,1216.35000000,1.650000000000091
1672154400000,1215.82000000,0.7400000000000091
1672154460000,1216.91000000,1.4200000000000728
1672154520000,1218.03000000,2.0299999999999727
1672154580000,1216.51000000,1.6400000000001
1672154640000,1215.61000000,0.6300000000001091
1672154700000,1216.81000000,0.8599999999999
1672154760000,1215.82000000,0.7000000000000455
1672154820000,1215.76000000,0.08999999999991815
1672154880000,1215.64000000,0.3300000000001546
1672154940000,1215.81000000,0.2300000000000182
1672155000000,1215.55000000,0.9600000000000364
1672155060000,1214.00000000,1.259999999999991
1672155120000,1214.29000000,0.6199999999998909
1672155180000,1214.63000000,0.4799999999997908
1672155240000,1214.63000000,0.0
1672155300000,1214.52000000,0.2599999999999909
1672155360000,1214.29000000,0.37999999999988177
1672155420000,1214.04000000,0.9100000000000819
1672155480000,1213.24000000,1.9200000000000728
1672155540000,1212.26000000,1.5299999999999727
1672155600000,1212.26000000,0.0
1672155660000,1213.21000000,0.7699999999999818
1672155720000,1213.27000000,0.6900000000000546
1672155780000,1212.61000000,0.2599999999999909
1672155840000,1212.31000000,0.01999999999998181
1672155900000,1212.31000000,0.0
1672155960000,1212.89000000,1.0599999999999454
1672156020000,1212.93000000,0.32999999999992724
1672156080000,1212.82000000,0.21000000000003638
1672156140000,1212.45000000,0.2400000000000091
1672156200000,1212.06000000,0.42000000000007276
1672156260000,1211.69000000,0.15000000000009095
1672156320000,1211.61000000,0.4800000000000182
1672156380000,1211.83000000,0.4699999999997999
1672156440000,1211.55000000,0.4199999999998454
1672156500000,1210.82000000,0.31999999999993634
1672156560000,1210.72000000,0.20000000000004547
1672156620000,1211.07000000,0.12000000000011823
1672156680000,1210.89000000,0.5599999999999454
1672156740000,1211.55000000,0.5199999999999818
1672156800000,1210.65000000,0.6099999999999
1672156860000,1210.89000000,0.5099999999999909
1672156920000,1211.82000000,0.9900000000000091
1672156980000,1211.65000000,0.5
1672157040000,1211.74000000,0.14000000000010004
1672157100000,1211.52000000,0.11000000000012733
1672157160000,1211.86000000,0.01999999999998181
1672157220000,1210.91000000,0.5
1672157280000,1211.37000000,0.599999999999909
1672157340000,1211.59000000,0.0
1672157400000,1210.78000000,0.14000000000010004
1672157460000,1210.83000000,0.1799999999998363
1672157520000,1210.89000000,0.0
1672157580000,1210.72000000,0.2699999999999818
1672157640000,1210.23000000,0.6000000000001364
1672157700000,1211.20000000,1.1000000000001364
1672157760000,1209.65000000,1.009999999999991
1672157820000,1209.72000000,0.43000000000006366
1672157880000,1209.48000000,0.029999999999972715
1672157940000,1209.40000000,0.5399999999999636
1672158000000,1209.76000000,0.0
1672158060000,1209.28000000,0.2400000000000091
1672158120000,1210.41000000,0.900000000000091
1672158180000,1211.22000000,0.5699999999999363
1672158240000,1211.88000000,1.050000000000182
1672158300000,1211.34000000,0.540000000000191
1672158360000,1212.14000000,0.75
1672158420000,1212.39000000,0.6700000000000728
1672158480000,1212.52000000,0.07999999999992724
1672158540000,1212.52000000,0.0
1672158600000,1212.12000000,0.8500000000001364
1672158660000,1211.96000000,0.5299999999999727
1672158720000,1212.34000000,0.2999999999999545
1672158780000,1211.44000000,0.6100000000001273
1672158840000,1210.65000000,0.8099999999999454
1672158900000,1210.65000000,0.0
1672158960000,1211.74000000,0.7300000000000182
1672159020000,1211.47000000,0.10999999999989996
1672159080000,1211.88000000,0.3400000000001455
1672159140000,1212.11000000,0.1999999999998181
1672159200000,1211.43000000,0.6199999999998909
1672159260000,1211.57000000,0.30999999999994543
1672159320000,1212.02000000,0.8699999999998909
1672159380000,1212.17000000,0.5499999999999545
1672159440000,1212.38000000,0.5200000000002092
1672159500000,1212.25000000,0.42000000000007276
1672159560000,1212.38000000,0.0
1672159620000,1211.11000000,0.5800000000001546
1672159680000,1210.85000000,0.2999999999999545
1672159740000,1210.82000000,0.22000000000002728
1672159800000,1210.63000000,0.0
1672159860000,1210.24000000,0.16000000000008185
1672159920000,1210.24000000,0.0
1672159980000,1210.60000000,0.0
1672160040000,1210.32000000,0.009999999999990905
1672160100000,1210.91000000,0.0
1672160160000,1210.91000000,0.0
1672160220000,1210.29000000,0.4500000000000455
1672160280000,1210.61000000,0.0
1672160340000,1210.61000000,0.0
1672160400000,1210.61000000,0.0
1672160460000,1210.49000000,0.2699999999999818
1672160520000,1210.43000000,0.0
1672160580000,1210.73000000,0.14000000000010004
1672160640000,1210.45000000,0.14999999999986358
1672160700000,1210.75000000,0.009999999999990905
1672160760000,1211.20000000,0.19000000000005457
1672160820000,1211.49000000,0.06999999999993634
1672160880000,1211.49000000,0.0
1672160940000,1211.49000000,0.0
1672161000000,1211.42000000,0.17000000000007276
1672161060000,1212.04000000,0.4600000000000364
1672161120000,1212.04000000,0.0
1672161180000,1211.95000000,0.0
1672161240000,1211.30000000,0.20000000000004547
1672161300000,1210.94000000,0.14000000000010004
1672161360000,1210.61000000,0.4600000000000364
1672161420000,1210.03000000,0.2699999999999818
1672161480000,1210.03000000,0.0
1672161540000,1210.63000000,0.25
1672161600000,1210.42000000,0.0
1672161660000,1209.58000000,1.0
1672161720000,1209.17000000,0.7399999999997817
1672161780000,1208.63000000,1.1099999999999
1672161840000,1208.52000000,1.5
1672161900000,1207.54000000,2.1299999999998818
1672161960000,1208.33000000,0.049999999999954525
1672162020000,1208.33000000,0.0
1672162080000,1208.33000000,0.0
1672162140000,1208.68000000,0.2599999999999909
1672162200000,1208.68000000,0.0
1672162260000,1209.05000000,0.5
1672162320000,1209.05000000,0.0
1672162380000,1209.16000000,0.13000000000010914
1672162440000,1209.17000000,0.18000000000006366
1672162500000,1208.59000000,0.040000000000190994
1672162560000,1208.59000000,0.0
1672162620000,1208.81000000,1.25
1672162680000,1208.40000000,0.0
1672162740000,1208.40000000,0.0
1672162800000,1208.40000000,0.0
1672162860000,1208.79000000,0.7300000000000182
1672162920000,1208.27000000,0.2599999999999909
1672162980000,1203.30000000,6.009999999999991
1672163040000,1205.74000000,2.259999999999991
1672163100000,1204.75000000,1.0
1672163160000,1206.96000000,0.7200000000000273
1672163220000,1206.76000000,0.14000000000010004
1672163280000,1206.46000000,0.7200000000000273
1672163340000,1206.24000000,0.6099999999999
1672163400000,1206.28000000,0.0
1672163460000,1206.28000000,0.40000000000009095
1672163520000,1208.00000000,0.8299999999999272
1672163580000,1207.95000000,0.5199999999999818
1672163640000,1207.86000000,0.40000000000009095
1672163700000,1207.48000000,0.0
1672163760000,1208.37000000,0.7699999999999818
1672163820000,1208.15000000,0.0
1672163880000,1207.69000000,0.4700000000000273
1672163940000,1207.86000000,0.0
1672164000000,1207.67000000,0.5399999999999636
1672164060000,1207.47000000,0.7000000000000455
1672164120000,1207.89000000,0.9400000000000546
1672164180000,1207.31000000,0.4800000000000182
1672164240000,1207.31000000,0.0
1672164300000,1207.13000000,0.11999999999989086
1672164360000,1206.41000000,0.4099999999998545
1672164420000,1206.12000000,0.12000000000011823
1672164480000,1206.95000000,1.0
1672164540000,1207.38000000,0.0
1672164600000,1208.05000000,0.5
1672164660000,1207.86000000,0.1799999999998363
1672164720000,1207.45000000,0.09999999999990905
1672164780000,1207.64000000,0.0
1672164840000,1207.91000000,0.0500000000001819
1672164900000,1207.32000000,1.0399999999999636
1672164960000,1207.11000000,0.3300000000001546
1672165020000,1206.70000000,0.2899999999999636
1672165080000,1206.24000000,0.38999999999987267
1672165140000,1206.10000000,0.35999999999989996
1672165200000,1205.35000000,0.25
1672165260000,1206.88000000,1.3800000000001091
1672165320000,1206.43000000,0.2699999999999818
1672165380000,1205.93000000,0.36999999999989086
1672165440000,1207.64000000,2.060000000000173
1672165500000,1207.98000000,0.32999999999992724
1672165560000,1206.90000000,0.7699999999999818
1672165620000,1208.19000000,0.8300000000001546
1672165680000,1208.19000000,0.0
1672165740000,1207.67000000,0.8900000000001
1672165800000,1207.28000000,0.6299999999998818
1672165860000,1206.87000000,0.3100000000001728
1672165920000,1207.62000000,0.5599999999999454
1672165980000,1207.98000000,0.22000000000002728
1672166040000,1207.98000000,0.0
1672166100000,1207.53000000,0.009999999999990905
1672166160000,1207.79000000,0.34999999999990905
1672166220000,1207.57000000,0.0
1672166280000,1207.57000000,0.0
1672166340000,1207.57000000,0.0
1672166400000,1207.57000000,0.0
1672166460000,1206.94000000,0.5399999999999636
1672166520000,1206.94000000,0.0
1672166580000,1206.66000000,0.2300000000000182
1672166640000,1206.66000000,0.0
1672166700000,1206.66000000,0.40000000000009095
1672166760000,1206.21000000,0.0
1672166820000,1206.73000000,0.2400000000000091
1672166880000,1206.64000000,0.029999999999972715
1672166940000,1207.08000000,0.4800000000000182
1672167000000,1207.57000000,0.5199999999999818
1672167060000,1207.35000000,0.21000000000003638
1672167120000,1206.62000000,0.8600000000001273
1672167180000,1206.89000000,0.15999999999985448
1672167240000,1206.88000000,0.2400000000000091
1672167300000,1205.97000000,1.0399999999999636
1672167360000,1206.10000000,0.2799999999999727
1672167420000,1206.12000000,0.009999999999990905
1672167480000,1206.12000000,0.0
1672167540000,1206.12000000,0.0
1672167600000,1206.16000000,0.38999999999987267
1672167660000,1206.16000000,0.0
1672167720000,1206.17000000,0.4900000000000091
1672167780000,1207.54000000,1.1399999999998727
1672167840000,1207.53000000,0.22000000000002728
1672167900000,1207.74000000,0.4800000000000182
1672167960000,1208.11000000,0.4099999999998545
1672168020000,1208.31000000,0.35999999999989996
1672168080000,1207.47000000,0.599999999999909
1672168140000,1207.92000000,0.43000000000006366
1672168200000,1208.31000000,0.2799999999999727
1672168260000,1208.82000000,0.6799999999998363
1672168320000,1207.99000000,0.2899999999999636
1672168380000,1208.02000000,0.0
1672168440000,1208.02000000,0.0
